2 0.4248046875 0.1015625 0.4287109375 0.1015625 0.4326171875 0.125 0.4267578125 0.15625 0.4140625 0.4609375 0.4130859375 0.4765625 0.41015625 0.4765625 0.4140625 0.3515625 0.4169921875 0.3203125 0.41796875 0.265625 0.419921875 0.2578125 0.42578125 0.1328125 0.4248046875 0.109375
2 0.1416015625 0.21875 0.1455078125 0.2109375 0.1435546875 0.2265625 0.1435546875 0.2890625 0.142578125 0.2265625
3 0.314453125 0.390625 0.318359375 0.390625 0.3173828125 0.421875 0.314453125 0.421875 0.314453125 0.3984375
0 0.974609375 0.265625 0.98046875 0.390625 0.9755859375 0.3515625 0.9736328125 0.2734375
0 0.9189453125 0.3203125 0.9248046875 0.4140625 0.921875 0.4140625 0.921875 0.3828125 0.9189453125 0.328125
0 0.8779296875 0.3828125 0.8798828125 0.3828125 0.8798828125 0.40625 0.8828125 0.4296875 0.8837890625 0.4765625 0.8818359375 0.46875 0.87890625 0.390625
0 0.03125 0.25 0.0341796875 0.265625 0.037109375 0.359375 0.033203125 0.28125 0.0341796875 0.265625 0.0322265625 0.2578125
0 0.0830078125 0.2578125 0.0869140625 0.3203125 0.0869140625 0.3671875 0.0830078125 0.265625
0 0.119140625 0.2734375 0.1181640625 0.2890625 0.12109375 0.328125 0.12109375 0.3671875 0.1201171875 0.375 0.119140625 0.359375 0.1181640625 0.28125
0 0.1435546875 0.2890625 0.14453125 0.3515625 0.142578125 0.296875
