2 0.13671875 0.0859375 0.140625 0.078125 0.1484375 0.09375 0.1435546875 0.1171875 0.146484375 0.46875 0.1435546875 0.46875 0.142578125 0.1171875 0.1376953125 0.0859375
3 0.4013671875 0.34375 0.4140625 0.3359375 0.416015625 0.4453125 0.4130859375 0.4765625 0.40234375 0.4765625 0.3974609375 0.4609375 0.3994140625 0.4453125 0.4013671875 0.3515625
0 0.716796875 0.5 0.720703125 0.5078125 0.720703125 0.5625 0.716796875 0.5625 0.716796875 0.5078125
0 0.7490234375 0.4921875 0.7490234375 0.5625 0.7470703125 0.5625 0.7451171875 0.53125 0.74609375 0.5 0.748046875 0.4921875
0 0.78125 0.484375 0.7841796875 0.4921875 0.7841796875 0.5390625 0.7861328125 0.5625 0.78125 0.5625 0.78125 0.4921875
0 0.81640625 0.484375 0.8212890625 0.5234375 0.8212890625 0.5625 0.8154296875 0.5625 0.81640625 0.4921875
0 0.8564453125 0.46875 0.8583984375 0.546875 0.857421875 0.5546875 0.8544921875 0.5546875 0.853515625 0.4765625 0.85546875 0.46875
0 0.8896484375 0.546875 0.8896484375 0.4609375 0.8935546875 0.5 0.8935546875 0.546875 0.890625 0.546875
0 0.921875 0.4609375 0.921875 0.53125 0.91796875 0.5234375 0.91796875 0.484375 0.9208984375 0.4609375
0 0.9384765625 0.4453125 0.9423828125 0.4375 0.943359375 0.4609375 0.943359375 0.5078125 0.9423828125 0.5234375 0.939453125 0.5234375 0.939453125 0.453125
0 0.9560546875 0.421875 0.958984375 0.4296875 0.9609375 0.4609375 0.9609375 0.515625 0.95703125 0.515625 0.9580078125 0.46875 0.9560546875 0.453125 0.9560546875 0.4296875
