2 0.3798828125 0.25 0.3935546875 0.25 0.390625 0.2578125 0.390625 0.28125 0.404296875 0.515625 0.40625 0.59375 0.4091796875 0.640625 0.412109375 0.65625 0.4111328125 0.6875 0.4150390625 0.7265625 0.4140625 0.75 0.41015625 0.7265625 0.4091796875 0.6953125 0.4072265625 0.6875 0.4091796875 0.6640625 0.4052734375 0.640625 0.40625 0.625 0.404296875 0.6171875 0.40234375 0.5703125 0.4033203125 0.546875 0.400390625 0.5234375 0.388671875 0.28125 0.384765625 0.25 0.380859375 0.25
3 0.19140625 0.6484375 0.2109375 0.6484375 0.22265625 0.6640625 0.220703125 0.734375 0.19921875 0.7421875 0.1962890625 0.7109375 0.1904296875 0.703125 0.19140625 0.65625
0 0.0302734375 0.6328125 0.03125 0.671875 0.0283203125 0.6953125 0.02734375 0.734375 0.0244140625 0.7421875 0.029296875 0.640625
0 0.0673828125 0.703125 0.0693359375 0.6796875 0.0712890625 0.6875 0.0693359375 0.703125 0.0673828125 0.7734375 0.0654296875 0.7734375 0.0673828125 0.7109375
0 0.10546875 0.703125 0.107421875 0.7109375 0.103515625 0.7890625 0.10546875 0.7109375
0 0.138671875 0.703125 0.1376953125 0.78125 0.1376953125 0.7109375
0 0.1630859375 0.7109375 0.1650390625 0.7109375 0.1630859375 0.78125 0.1630859375 0.71875
0 0.9580078125 0.5703125 0.9599609375 0.5625 0.9599609375 0.5859375 0.955078125 0.640625 0.9580078125 0.578125
0 0.93359375 0.546875 0.935546875 0.546875 0.931640625 0.609375 0.93359375 0.5546875
0 0.916015625 0.5234375 0.912109375 0.5859375 0.916015625 0.53125
0 0.583008 0.4375 0.584961 0.4375 0.584961 0.46875 0.583008 0.46875
0 0.598633 0.429688 0.601562 0.429688 0.601562 0.46875 0.598633 0.46875
0 0.566406 0.4375 0.568359 0.4375 0.568359 0.492188 0.566406 0.492188
0 0.583008 0.4375 0.584961 0.4375 0.584961 0.476562 0.583008 0.476562
0 0.6142578125 0.421875 0.6162109375 0.4453125 0.6142578125 0.453125 0.6142578125 0.4296875
0 0.62793 0.414062 0.629883 0.414062 0.629883 0.453125 0.62793 0.453125
0 0.9033203125 0.5234375 0.9013671875 0.578125 0.900390625 0.5546875 0.90234375 0.53125
0 0.183594 0.710938 0.185547 0.710938 0.185547 0.78125 0.183594 0.78125
