2 0.4501953125 0.1796875 0.4521484375 0.1796875 0.451171875 0.25 0.453125 0.4609375 0.453125 0.515625 0.451171875 0.515625 0.451171875 0.1875
0 0.7578125 0.4140625 0.759765625 0.4140625 0.7587890625 0.4609375 0.7607421875 0.4609375 0.7587890625 0.4921875 0.7607421875 0.546875 0.7578125 0.546875 0.7578125 0.421875
0 0.1669921875 0.3671875 0.169921875 0.3828125 0.1669921875 0.40625 0.1728515625 0.421875 0.1728515625 0.4453125 0.1708984375 0.4609375 0.1728515625 0.484375 0.1708984375 0.46875 0.1708984375 0.5 0.1689453125 0.5078125 0.1728515625 0.515625 0.1689453125 0.5234375 0.1689453125 0.546875 0.166015625 0.578125 0.16796875 0.5859375 0.1669921875 0.59375 0.166015625 0.5703125 0.1640625 0.5703125 0.166015625 0.5546875 0.166015625 0.5234375 0.1640625 0.5234375 0.1640625 0.546875 0.1650390625 0.4921875 0.1630859375 0.4609375 0.166015625 0.4609375 0.166015625 0.3828125 0.1640625 0.375 0.166015625 0.375
2 0.267578125 0.3828125 0.2705078125 0.3828125 0.2705078125 0.5 0.2685546875 0.5 0.2685546875 0.390625
3 0.3154296875 0.4453125 0.3232421875 0.453125 0.3232421875 0.484375 0.3212890625 0.4921875 0.3173828125 0.4921875 0.314453125 0.4765625 0.3154296875 0.453125
0 0.1865234375 0.40625 0.1884765625 0.4453125 0.1884765625 0.5390625 0.1865234375 0.546875 0.1875 0.5546875 0.1875 0.4296875 0.185546875 0.4140625
3 0.5830078125 0.4453125 0.5888671875 0.4375 0.5888671875 0.5078125 0.5869140625 0.484375 0.583984375 0.5078125 0.5830078125 0.453125
3 0.6748046875 0.4453125 0.681640625 0.4296875 0.685546875 0.4375 0.68359375 0.5078125 0.673828125 0.5 0.6748046875 0.453125
0 0.0986328125 0.5546875 0.1005859375 0.5703125 0.0986328125 0.6328125 0.1015625 0.65625 0.09765625 0.6796875 0.099609375 0.6875 0.095703125 0.703125 0.0986328125 0.6875 0.0966796875 0.6796875 0.0966796875 0.6640625 0.099609375 0.640625 0.0966796875 0.640625 0.099609375 0.625 0.099609375 0.5859375 0.0986328125 0.578125 0.095703125 0.6015625 0.1005859375 0.5703125 0.0986328125 0.5625
0 0.8671875 0.234375 0.869140625 0.25 0.8671875 0.25 0.8671875 0.265625 0.869140625 0.265625 0.8671875 0.28125 0.8671875 0.40625 0.869140625 0.40625 0.8671875 0.421875 0.8671875 0.453125 0.869140625 0.4609375 0.8671875 0.4765625 0.8681640625 0.4921875 0.869140625 0.484375 0.869140625 0.5078125 0.8671875 0.5234375 0.8671875 0.5546875 0.869140625 0.5546875 0.8671875 0.625 0.8701171875 0.625 0.8671875 0.640625 0.8671875 0.671875 0.869140625 0.671875 0.8671875 0.6875 0.8671875 0.7109375 0.8662109375 0.6953125 0.8681640625 0.6796875 0.8662109375 0.671875 0.8681640625 0.6328125 0.8662109375 0.625 0.8681640625 0.609375 0.8662109375 0.6015625 0.8681640625 0.5859375 0.8662109375 0.578125 0.8671875 0.5390625 0.865234375 0.53125 0.8671875 0.5234375 0.8671875 0.40625 0.865234375 0.390625 0.8671875 0.390625 0.8671875 0.2421875
0 0.78125 0.3671875 0.78125 0.40625 0.783203125 0.421875 0.7822265625 0.4375 0.7841796875 0.453125 0.7822265625 0.4609375 0.7822265625 0.5 0.7841796875 0.5 0.7822265625 0.53125 0.7841796875 0.5390625 0.7822265625 0.546875 0.7841796875 0.6171875 0.7822265625 0.6015625 0.7822265625 0.6171875 0.7802734375 0.625 0.78125 0.375
