3 0.564453125 0.4375 0.5693359375 0.4296875 0.5693359375 0.5078125 0.568359375 0.484375 0.5654296875 0.5078125 0.564453125 0.4453125
3 0.5810546875 0.484375 0.5830078125 0.4453125 0.5888671875 0.4453125 0.5888671875 0.4765625 0.583984375 0.5 0.58203125 0.484375
0 0.7587890625 0.5 0.7607421875 0.5234375 0.76171875 0.5078125 0.7626953125 0.515625 0.7607421875 0.5234375 0.7607421875 0.546875 0.755859375 0.5546875 0.7587890625 0.53125 0.7587890625 0.5078125
0 0.7802734375 0.3515625 0.7822265625 0.359375 0.78125 0.40625 0.783203125 0.40625 0.78125 0.4296875 0.783203125 0.453125 0.78515625 0.4375 0.78125 0.4609375 0.78125 0.5 0.783203125 0.515625 0.7822265625 0.5625 0.783203125 0.5703125 0.78515625 0.5546875 0.78515625 0.53125 0.7861328125 0.546875 0.787109375 0.5390625 0.78515625 0.5703125 0.7861328125 0.578125 0.7880859375 0.5625 0.787109375 0.5859375 0.7841796875 0.5859375 0.78515625 0.59375 0.7841796875 0.5859375 0.78125 0.6015625 0.779296875 0.5859375 0.78125 0.578125 0.779296875 0.5625 0.779296875 0.53125 0.78125 0.5234375 0.779296875 0.515625 0.78125 0.5078125 0.78125 0.46875 0.779296875 0.4609375 0.78125 0.4140625 0.779296875 0.3671875 0.7802734375 0.359375
0 0.1669921875 0.359375 0.1708984375 0.375 0.16796875 0.3828125 0.16796875 0.40625 0.1708984375 0.4140625 0.1689453125 0.4296875 0.1708984375 0.4453125 0.1708984375 0.484375 0.16796875 0.484375 0.169921875 0.5078125 0.169921875 0.5234375 0.16796875 0.5234375 0.16796875 0.5859375 0.1630859375 0.578125 0.1650390625 0.5703125 0.1650390625 0.515625 0.1630859375 0.4765625 0.1650390625 0.46875 0.1640625 0.453125 0.1650390625 0.46875 0.166015625 0.4609375 0.1630859375 0.4140625 0.1640625 0.40625 0.1640625 0.4296875 0.166015625 0.4296875 0.1669921875 0.390625 0.1650390625 0.390625 0.166015625 0.375 0.1640625 0.3671875 0.166015625 0.3671875
0 0.1875 0.40625 0.1904296875 0.4375 0.1884765625 0.53125 0.1865234375 0.5234375 0.1865234375 0.4140625
3 0.6650390625 0.4296875 0.666015625 0.453125 0.6689453125 0.4375 0.671875 0.4609375 0.673828125 0.453125 0.6728515625 0.5078125 0.6708984375 0.484375 0.6689453125 0.4921875 0.6650390625 0.4609375 0.6630859375 0.4609375 0.662109375 0.453125 0.6640625 0.4375
0 0.8662109375 0.2265625 0.865234375 0.5859375 0.869140625 0.71875 0.87109375 0.2109375
2 0.423828125 0.1875 0.4267578125 0.1875 0.4248046875 0.1953125 0.4248046875 0.5078125 0.4248046875 0.1953125
0 0.1025390625 0.3125 0.1005859375 0.328125 0.103515625 0.34375 0.099609375 0.375 0.1015625 0.3828125 0.103515625 0.3671875 0.1015625 0.3828125 0.1025390625 0.4296875 0.1015625 0.421875 0.099609375 0.4375 0.1015625 0.4453125 0.1005859375 0.4765625 0.1025390625 0.4921875 0.1015625 0.484375 0.0966796875 0.515625 0.1015625 0.484375 0.1005859375 0.453125 0.09765625 0.46875 0.1005859375 0.453125 0.099609375 0.4375 0.1025390625 0.4140625 0.1005859375 0.40625 0.09765625 0.421875 0.1025390625 0.390625 0.0966796875 0.390625 0.09765625 0.3828125 0.0966796875 0.390625 0.0986328125 0.3984375 0.1005859375 0.3828125 0.1005859375 0.359375 0.103515625 0.34375 0.1015625 0.3359375 0.09765625 0.359375 0.1015625 0.3359375 0.099609375 0.328125 0.1015625 0.3203125
