3 0.6220703125 0.453125 0.626953125 0.453125 0.626953125 0.5078125 0.625 0.4921875 0.623046875 0.5078125 0.6220703125 0.4609375
3 0.6103515625 0.484375 0.6103515625 0.46875 0.6142578125 0.453125 0.6171875 0.453125 0.6171875 0.484375 0.6142578125 0.484375 0.61328125 0.5 0.611328125 0.484375
2 0.5263671875 0.1953125 0.5302734375 0.203125 0.53125 0.515625 0.529296875 0.203125 0.52734375 0.1953125
0 0.748046875 0.4375 0.75 0.4375 0.7490234375 0.515625 0.7470703125 0.515625 0.748046875 0.4453125
0 0.7587890625 0.4140625 0.763671875 0.4140625 0.7626953125 0.4296875 0.7626953125 0.4140625 0.759765625 0.421875 0.759765625 0.4453125 0.76171875 0.4453125 0.7607421875 0.453125 0.763671875 0.484375 0.763671875 0.5546875 0.759765625 0.5703125 0.7587890625 0.421875
0 0.1640625 0.40625 0.166015625 0.3984375 0.1650390625 0.375 0.1669921875 0.3671875 0.16796875 0.4296875 0.1669921875 0.5078125 0.1650390625 0.5078125 0.1640625 0.5234375 0.1640625 0.4140625
3 0.3310546875 0.4375 0.3388671875 0.4375 0.3388671875 0.4765625 0.3359375 0.4765625 0.3349609375 0.4921875 0.3310546875 0.4765625 0.3310546875 0.4453125
0 0.1044921875 0.5 0.1044921875 0.515625 0.1005859375 0.5390625 0.1025390625 0.546875 0.1064453125 0.5234375 0.103515625 0.5390625 0.1044921875 0.5546875 0.1025390625 0.5703125 0.10546875 0.5703125 0.10546875 0.609375 0.103515625 0.625 0.10546875 0.6328125 0.103515625 0.6640625 0.1044921875 0.6796875 0.103515625 0.6640625 0.1005859375 0.6796875 0.1025390625 0.6640625 0.1015625 0.65625 0.1044921875 0.640625 0.103515625 0.625 0.1005859375 0.640625 0.1025390625 0.625 0.1005859375 0.6171875 0.10546875 0.59375 0.103515625 0.578125 0.1005859375 0.59375 0.103515625 0.578125 0.1005859375 0.578125 0.1044921875 0.5546875 0.103515625 0.5390625 0.1005859375 0.5546875 0.1005859375 0.5390625 0.1044921875 0.5078125
0 0.7841796875 0.359375 0.7841796875 0.3984375 0.7861328125 0.4140625 0.7841796875 0.421875 0.7841796875 0.5859375 0.7822265625 0.6015625 0.7841796875 0.5703125 0.7841796875 0.3671875
2 0.2763671875 0.359375 0.2802734375 0.359375 0.2802734375 0.484375 0.2783203125 0.4921875 0.279296875 0.46875 0.27734375 0.3671875
0 0.8759765625 0.5625 0.873046875 0.5859375 0.8759765625 0.609375 0.873046875 0.609375 0.873046875 0.65625 0.8759765625 0.6640625 0.873046875 0.671875 0.873046875 0.703125 0.875 0.7109375 0.873046875 0.703125 0.873046875 0.5703125 0.875 0.5703125
