2 0.603515625 0.078125 0.6103515625 0.078125 0.61328125 0.109375 0.6201171875 0.140625 0.6181640625 0.171875 0.619140625 0.3515625 0.6220703125 0.359375 0.6240234375 0.390625 0.6240234375 0.5390625 0.6220703125 0.53125 0.6201171875 0.546875 0.6201171875 0.6328125 0.6162109375 0.6328125 0.6162109375 0.4296875 0.61328125 0.40625 0.61328125 0.359375 0.615234375 0.359375 0.6171875 0.3359375 0.6162109375 0.1484375 0.603515625 0.0859375
2 0.9072265625 0.0859375 0.919921875 0.078125 0.953125 0.09375 0.9541015625 0.109375 0.9462890625 0.1171875 0.9482421875 0.2421875 0.947265625 0.265625 0.9619140625 0.2734375 0.958984375 0.2890625 0.94921875 0.28125 0.947265625 0.296875 0.951171875 0.5859375 0.94921875 0.671875 0.9453125 0.6796875 0.9423828125 0.6328125 0.9443359375 0.59375 0.9453125 0.3671875 0.9443359375 0.1171875 0.9423828125 0.1015625 0.9072265625 0.09375
2 0.5439453125 0.3359375 0.55859375 0.3359375 0.5556640625 0.3515625 0.5556640625 0.375 0.5576171875 0.40625 0.5615234375 0.40625 0.5615234375 0.421875 0.556640625 0.4296875 0.5576171875 0.515625 0.5556640625 0.546875 0.5556640625 0.5234375 0.5546875 0.515625 0.5537109375 0.53125 0.552734375 0.4921875 0.5556640625 0.3515625 0.5439453125 0.34375
2 0.3095703125 0.3984375 0.31640625 0.40625 0.3154296875 0.4765625 0.3193359375 0.484375 0.318359375 0.5703125 0.3173828125 0.515625 0.31640625 0.5078125 0.314453125 0.5390625 0.314453125 0.421875 0.3125 0.40625 0.3095703125 0.40625
2 0.58984375 0.390625 0.5986328125 0.3984375 0.5966796875 0.4140625 0.5966796875 0.5390625 0.5947265625 0.515625 0.5966796875 0.4140625 0.58984375 0.3984375
2 0.294921875 0.46875 0.2978515625 0.46875 0.2978515625 0.515625 0.2958984375 0.546875 0.294921875 0.4765625
3 0.2373046875 0.328125 0.240234375 0.3671875 0.2412109375 0.359375 0.2421875 0.375 0.248046875 0.390625 0.2470703125 0.4375 0.2490234375 0.4765625 0.2470703125 0.5 0.248046875 0.515625 0.244140625 0.546875 0.2353515625 0.546875 0.2333984375 0.921875 0.228515625 0.9296875 0.2275390625 0.90625 0.2275390625 0.859375 0.23046875 0.8125 0.2275390625 0.8125 0.228515625 0.734375 0.2265625 0.734375 0.2265625 0.7578125 0.2255859375 0.7265625 0.2294921875 0.6796875 0.2265625 0.6640625 0.2255859375 0.671875 0.2275390625 0.640625 0.228515625 0.65625 0.2294921875 0.6484375 0.2294921875 0.625 0.2275390625 0.609375 0.2314453125 0.578125 0.2294921875 0.5625 0.2255859375 0.5625 0.228515625 0.5390625 0.2255859375 0.53125 0.2255859375 0.5078125 0.2236328125 0.5078125 0.22265625 0.4765625 0.22265625 0.4140625 0.2255859375 0.40625 0.2265625 0.3671875 0.2275390625 0.3984375 0.228515625 0.375 0.2314453125 0.3671875 0.232421875 0.390625 0.234375 0.359375 0.2333984375 0.34375 0.2373046875 0.359375 0.2373046875 0.3359375
3 0.3447265625 0.4453125 0.3466796875 0.4609375 0.3525390625 0.453125 0.353515625 0.484375 0.3525390625 0.515625 0.3486328125 0.53125 0.3486328125 0.625 0.3466796875 0.625 0.345703125 0.59375 0.3466796875 0.53125 0.3447265625 0.515625 0.34375 0.5390625 0.341796875 0.5 0.34375 0.453125
2 0.3525390625 0.2890625 0.3544921875 0.296875 0.3544921875 0.3125 0.341796875 0.3203125 0.33984375 0.34375 0.3388671875 0.5546875 0.3369140625 0.5546875 0.3369140625 0.40625 0.33203125 0.390625 0.3369140625 0.3671875 0.337890625 0.328125 0.3330078125 0.3203125 0.3330078125 0.3046875 0.3515625 0.2890625
3 0.630859375 0.4609375 0.630859375 0.5859375 0.6298828125 0.5234375 0.626953125 0.484375 0.6298828125 0.4609375
3 0.7783203125 0.5234375 0.791015625 0.5234375 0.7919921875 0.5390625 0.79296875 0.609375 0.7900390625 0.6328125 0.7861328125 0.6171875 0.783203125 0.6328125 0.7861328125 0.6875 0.7861328125 0.765625 0.77734375 0.765625 0.775390625 0.7421875 0.775390625 0.6953125 0.77734375 0.65625 0.779296875 0.6484375 0.7763671875 0.625 0.77734375 0.609375 0.7744140625 0.578125 0.7763671875 0.5625 0.775390625 0.5390625 0.77734375 0.53125
