2 0.3955078125 0.15625 0.4072265625 0.125 0.4169921875 0.1171875 0.4189453125 0.1015625 0.4287109375 0.1015625 0.427734375 0.1171875 0.4150390625 0.125 0.40234375 0.15625 0.40234375 0.3828125 0.404296875 0.46875 0.4033203125 0.6484375 0.3994140625 0.6484375 0.3984375 0.609375 0.3984375 0.4609375 0.3994140625 0.3984375 0.4013671875 0.390625 0.4013671875 0.1875 0.3994140625 0.15625 0.3955078125 0.1640625
2 0.943359375 0.2734375 0.9443359375 0.2890625 0.9365234375 0.2890625 0.9296875 0.3046875 0.931640625 0.5703125 0.927734375 0.5859375 0.927734375 0.5390625 0.9208984375 0.53125 0.9189453125 0.59375 0.9169921875 0.53125 0.91796875 0.46875 0.921875 0.46875 0.9228515625 0.5078125 0.927734375 0.5078125 0.9296875 0.3984375 0.927734375 0.3046875 0.916015625 0.296875 0.9423828125 0.2734375
2 0.3408203125 0.3828125 0.3447265625 0.390625 0.341796875 0.421875 0.3427734375 0.5703125 0.3408203125 0.390625
2 0.75390625 0.3828125 0.771484375 0.3828125 0.7626953125 0.3984375 0.763671875 0.5234375 0.7626953125 0.546875 0.759765625 0.5234375 0.7578125 0.5546875 0.7568359375 0.5078125 0.76171875 0.5 0.76171875 0.3984375 0.75390625 0.390625
2 0.4990234375 0.4296875 0.50390625 0.4375 0.5 0.453125 0.5 0.546875 0.4990234375 0.4375
2 0.0126953125 0.4453125 0.0126953125 0.4921875 0.0146484375 0.5078125 0.0126953125 0.546875 0.0107421875 0.5546875 0.01171875 0.578125 0.0107421875 0.5625 0.009765625 0.5703125 0.009765625 0.5390625 0.0107421875 0.5546875 0.01171875 0.546875 0.009765625 0.515625 0.01171875 0.5 0.01171875 0.46875 0.0048828125 0.4609375 0.01171875 0.4453125
2 0.966796875 0.4375 0.97265625 0.4375 0.97265625 0.453125 0.966796875 0.4609375 0.966796875 0.5078125 0.96875 0.5234375 0.9716796875 0.5234375 0.970703125 0.5390625 0.9658203125 0.5390625 0.9658203125 0.484375 0.9638671875 0.4609375 0.9658203125 0.4609375 0.966796875 0.4453125
3 0.947265625 0.4921875 0.9521484375 0.484375 0.951171875 0.5234375 0.955078125 0.5234375 0.955078125 0.5390625 0.951171875 0.546875 0.951171875 0.5703125 0.94921875 0.5625 0.947265625 0.5
3 0.091796875 0.65625 0.0908203125 0.5625 0.0859375 0.5234375 0.087890625 0.5 0.0869140625 0.4765625 0.0908203125 0.453125 0.09375 0.4609375 0.095703125 0.484375 0.0927734375 0.5625 0.0927734375 0.6484375
2 0.587890625 0.3515625 0.60546875 0.3671875 0.6044921875 0.3828125 0.599609375 0.3984375 0.599609375 0.5234375 0.5966796875 0.5234375 0.5966796875 0.390625 0.5927734375 0.375 0.587890625 0.375 0.587890625 0.359375
