3 0.017578125 0.53125 0.025390625 0.53125 0.0263671875 0.546875 0.017578125 0.5546875 0.017578125 0.5390625
3 0.16796875 0.4765625 0.177734375 0.484375 0.177734375 0.515625 0.17578125 0.53125 0.169921875 0.5234375 0.16796875 0.484375
3 0.240234375 0.4609375 0.2412109375 0.484375 0.23828125 0.515625 0.2333984375 0.46875 0.2392578125 0.4609375
3 0.67578125 0.4765625 0.677734375 0.484375 0.67578125 0.5234375 0.6689453125 0.515625 0.669921875 0.4765625 0.6748046875 0.4765625
3 0.9365234375 0.484375 0.9375 0.5 0.935546875 0.5234375 0.9326171875 0.5234375 0.931640625 0.5 0.9326171875 0.484375 0.935546875 0.484375
3 0.98046875 0.4765625 0.984375 0.484375 0.984375 0.5078125 0.98046875 0.5234375 0.978515625 0.515625 0.98046875 0.484375
2 0.94921875 0.3046875 0.966796875 0.328125 0.951171875 0.3359375 0.9501953125 0.4375 0.9521484375 0.453125 0.94921875 0.4609375 0.94921875 0.3125
2 0.8935546875 0.3828125 0.900390625 0.390625 0.900390625 0.5 0.8974609375 0.4765625 0.8994140625 0.4609375 0.8994140625 0.40625 0.89453125 0.3828125
2 0.828125 0.3984375 0.8369140625 0.3984375 0.833984375 0.4140625 0.833984375 0.5 0.8310546875 0.5 0.8310546875 0.4140625 0.8291015625 0.3984375
2 0.76953125 0.3515625 0.771484375 0.375 0.7705078125 0.3984375 0.7724609375 0.4140625 0.775390625 0.4140625 0.7705078125 0.4375 0.7705078125 0.4765625 0.7734375 0.4921875 0.771484375 0.515625 0.767578125 0.515625 0.7685546875 0.390625 0.765625 0.375 0.7568359375 0.3671875 0.7646484375 0.3671875 0.7685546875 0.3515625
2 0.6767578125 0.3359375 0.6865234375 0.3515625 0.6767578125 0.3515625 0.6748046875 0.3671875 0.6748046875 0.421875 0.677734375 0.4609375 0.6748046875 0.4765625 0.671875 0.46875 0.6728515625 0.4296875 0.6708984375 0.3515625 0.673828125 0.328125 0.67578125 0.3359375
2 0.2158203125 0.296875 0.2177734375 0.40625 0.216796875 0.46875 0.21875 0.484375 0.216796875 0.515625 0.216796875 0.5625 0.21484375 0.546875 0.21484375 0.515625 0.2119140625 0.4921875 0.21484375 0.46875 0.21484375 0.3359375 0.2119140625 0.3203125 0.2001953125 0.3203125 0.2060546875 0.3203125 0.21484375 0.296875
2 0.123046875 0.3359375 0.126953125 0.34375 0.1181640625 0.359375 0.1162109375 0.3828125 0.1171875 0.5078125 0.1123046875 0.515625 0.1142578125 0.5 0.1123046875 0.453125 0.11328125 0.4140625 0.111328125 0.3984375 0.1123046875 0.3359375 0.115234375 0.3203125 0.1201171875 0.3203125 0.1220703125 0.3359375
