2 0.5390625 0.3515625 0.5458984375 0.359375 0.544921875 0.375 0.5400390625 0.3828125 0.5400390625 0.5859375 0.5380859375 0.5859375 0.5390625 0.359375
2 0.810546875 0.375 0.8203125 0.3828125 0.818359375 0.3984375 0.8115234375 0.40625 0.8115234375 0.4921875 0.8134765625 0.5 0.8115234375 0.5625 0.810546875 0.3828125
2 0.154296875 0.4140625 0.162109375 0.421875 0.154296875 0.4375 0.154296875 0.53125 0.15234375 0.53125 0.1533203125 0.4609375 0.150390625 0.453125 0.154296875 0.421875
2 0.265625 0.4140625 0.2666015625 0.5390625 0.265625 0.4375 0.26171875 0.4296875 0.2646484375 0.421875
2 0.6826171875 0.4140625 0.6904296875 0.4296875 0.68359375 0.4453125 0.6845703125 0.5234375 0.6826171875 0.546875 0.6826171875 0.53125 0.6806640625 0.5234375 0.6806640625 0.5 0.6826171875 0.4921875 0.6826171875 0.421875
2 0.9697265625 0.40625 0.9697265625 0.546875 0.9697265625 0.4375 0.96484375 0.421875 0.9697265625 0.4140625
2 0.818359375 0.421875 0.8212890625 0.421875 0.822265625 0.46875 0.8212890625 0.5234375 0.8212890625 0.4375 0.818359375 0.4296875
3 0.0859375 0.4140625 0.087890625 0.4296875 0.091796875 0.4296875 0.0927734375 0.4453125 0.0927734375 0.515625 0.0869140625 0.5234375 0.0849609375 0.5546875 0.0869140625 0.59375 0.0849609375 0.609375 0.0859375 0.625 0.08984375 0.625 0.0908203125 0.640625 0.0908203125 0.6640625 0.0859375 0.6875 0.0859375 0.7265625 0.08203125 0.734375 0.0830078125 0.71875 0.078125 0.671875 0.078125 0.625 0.08203125 0.6171875 0.0830078125 0.5546875 0.072265625 0.5 0.0751953125 0.484375 0.076171875 0.4296875 0.0849609375 0.421875
3 0.1376953125 0.453125 0.14453125 0.453125 0.1455078125 0.46875 0.1484375 0.4609375 0.1484375 0.484375 0.150390625 0.4921875 0.150390625 0.546875 0.146484375 0.5625 0.14453125 0.625 0.1396484375 0.625 0.1376953125 0.59375 0.1376953125 0.578125 0.1396484375 0.5703125 0.1376953125 0.5546875 0.134765625 0.5625 0.134765625 0.4609375 0.13671875 0.4609375
3 0.328125 0.4609375 0.3291015625 0.5 0.3271484375 0.5234375 0.3271484375 0.5703125 0.32421875 0.4921875 0.32421875 0.46875 0.3271484375 0.4609375
3 0.4677734375 0.375 0.470703125 0.4453125 0.46875 0.5546875 0.4697265625 0.7421875 0.46484375 0.734375 0.466796875 0.546875 0.4638671875 0.53125 0.462890625 0.5 0.462890625 0.4140625 0.466796875 0.3828125
2 0.5048828125 0 0.51171875 0 0.5126953125 0.03125 0.5126953125 0.2890625 0.513671875 0.390625 0.515625 0.421875 0.5146484375 0.765625 0.515625 0.796875 0.517578125 0.8046875 0.517578125 0.8203125 0.5146484375 0.8203125 0.515625 0.9140625 0.5126953125 0.8828125 0.5126953125 0.859375 0.5107421875 0.8515625 0.5087890625 0.8671875 0.5107421875 0.890625 0.5087890625 0.8828125 0.5078125 0.90625 0.5048828125 0.8671875 0.505859375 0.6796875 0.50390625 0.6484375 0.5048828125 0.5703125 0.5068359375 0.5625 0.5068359375 0.5390625 0.5048828125 0.5390625 0.5048828125 0.5546875 0.5048828125 0.53125 0.5068359375 0.515625 0.5068359375 0.4609375 0.5029296875 0.421875 0.5068359375 0.390625 0.505859375 0.375 0.5048828125 0.3828125 0.5048828125 0.3671875 0.5068359375 0.359375 0.5048828125 0.3203125 0.5048828125 0.109375 0.5029296875 0.1015625 0.5048828125 0.0859375 0.5029296875 0.0390625 0.5048828125 0.0078125
2 0.9150390625 0.2109375 0.9140625 0.1953125 0.9091796875 0.1953125 0.9091796875 0.171875 0.91796875 0.171875 0.9189453125 0.1953125 0.9208984375 0.1875 0.9228515625 0.28125 0.921875 0.296875 0.923828125 0.3125 0.9287109375 0.3203125 0.9228515625 0.3359375 0.923828125 0.5703125 0.9267578125 0.6171875 0.92578125 0.65625 0.927734375 0.6796875 0.9287109375 0.7578125 0.9287109375 0.8046875 0.9267578125 0.8203125 0.921875 0.8125 0.921875 0.7421875 0.91796875 0.6796875 0.91796875 0.625 0.921875 0.578125 0.9208984375 0.265625 0.916015625 0.2109375
3 0.869140625 0.4609375 0.8759765625 0.4609375 0.876953125 0.5 0.873046875 0.5546875 0.873046875 0.53125 0.869140625 0.5234375 0.869140625 0.46875
3 0.8447265625 0.484375 0.8515625 0.4765625 0.8515625 0.515625 0.849609375 0.5234375 0.8486328125 0.578125 0.849609375 0.59375 0.8505859375 0.5859375 0.849609375 0.6015625 0.8466796875 0.6015625 0.84765625 0.5234375 0.845703125 0.4921875
3 0.8994140625 0.4375 0.9013671875 0.453125 0.90234375 0.59375 0.900390625 0.6015625 0.8984375 0.5703125 0.8984375 0.4453125
3 0.83203125 0.4765625 0.8359375 0.484375 0.833984375 0.5546875 0.83203125 0.484375
3 0.7841796875 0.5390625 0.7822265625 0.5078125 0.783203125 0.484375 0.787109375 0.4921875 0.78515625 0.5390625
3 0.7216796875 0.5625 0.7216796875 0.5390625 0.7197265625 0.5234375 0.7216796875 0.5 0.724609375 0.5 0.7265625 0.515625 0.7255859375 0.546875 0.72265625 0.5625
2 0.734375 0.4296875 0.734375 0.453125 0.73828125 0.4609375 0.734375 0.4765625 0.736328125 0.5078125 0.736328125 0.5234375 0.734375 0.53125 0.7314453125 0.515625 0.7333984375 0.4921875 0.7333984375 0.453125 0.7265625 0.4453125 0.7333984375 0.4296875
2 0.19921875 0.40625 0.205078125 0.390625 0.208984375 0.3984375 0.20703125 0.4609375 0.2080078125 0.5234375 0.2060546875 0.5234375 0.2041015625 0.4921875 0.205078125 0.4296875 0.2001953125 0.4296875 0.19921875 0.4140625
