2 0.4443359375 0.3203125 0.4482421875 0.328125 0.4453125 0.34375 0.4462890625 0.6015625 0.443359375 0.5703125 0.4453125 0.3984375 0.4453125 0.34375 0.44140625 0.3359375 0.443359375 0.328125
2 0.0166015625 0.421875 0.0205078125 0.4140625 0.0205078125 0.5390625 0.0205078125 0.4453125 0.0166015625 0.4296875
2 0.84765625 0.40625 0.8515625 0.40625 0.8525390625 0.421875 0.8515625 0.4921875 0.8515625 0.421875 0.84765625 0.4140625
2 0.8017578125 0.421875 0.806640625 0.421875 0.8037109375 0.4375 0.8037109375 0.5078125 0.8037109375 0.4375 0.8017578125 0.4296875
2 0.6396484375 0.4453125 0.6435546875 0.453125 0.6396484375 0.46875 0.6396484375 0.5390625 0.638671875 0.453125
3 0.283203125 0.4296875 0.2890625 0.4296875 0.2919921875 0.4609375 0.2919921875 0.5 0.2900390625 0.5078125 0.2900390625 0.5234375 0.287109375 0.5234375 0.287109375 0.6328125 0.29296875 0.640625 0.291015625 0.65625 0.28515625 0.6484375 0.28515625 0.5625 0.279296875 0.5 0.2802734375 0.4375 0.283203125 0.4375
3 0.1533203125 0.4609375 0.15625 0.46875 0.1572265625 0.4921875 0.15625 0.515625 0.15234375 0.53125 0.154296875 0.5546875 0.15625 0.5546875 0.15625 0.5703125 0.1533203125 0.578125 0.1533203125 0.6015625 0.1513671875 0.6015625 0.1513671875 0.5859375 0.1494140625 0.578125 0.1513671875 0.53125 0.1455078125 0.5 0.1455078125 0.484375 0.146484375 0.5 0.1474609375 0.4921875 0.1474609375 0.46875 0.15234375 0.46875
2 0.0419921875 0.3515625 0.046875 0.34375 0.048828125 0.328125 0.048828125 0.2421875 0.0556640625 0.2578125 0.05859375 0.2421875 0.0654296875 0.2421875 0.0654296875 0.2578125 0.056640625 0.265625 0.0498046875 0.296875 0.0517578125 0.46875 0.05078125 0.5703125 0.0537109375 0.5703125 0.0537109375 0.6015625 0.048828125 0.609375 0.0478515625 0.578125 0.048828125 0.3671875 0.0419921875 0.359375
2 0.244140625 0.109375 0.24609375 0.109375 0.24609375 0.328125 0.2470703125 0.4296875 0.2490234375 0.4375 0.2470703125 0.453125 0.248046875 0.46875 0.2490234375 0.4609375 0.2470703125 0.6640625 0.244140625 0.671875 0.244140625 0.1640625 0.224609375 0.1484375 0.2099609375 0.15625 0.2109375 0.1328125 0.23046875 0.140625 0.244140625 0.1171875
2 0.6796875 0.390625 0.68359375 0.40625 0.689453125 0.40625 0.6806640625 0.421875 0.6796875 0.4921875 0.681640625 0.5 0.681640625 0.5234375 0.6796875 0.53125 0.6806640625 0.5546875 0.6787109375 0.5546875 0.677734375 0.5234375 0.6748046875 0.5390625 0.673828125 0.5 0.677734375 0.4921875 0.6796875 0.46875 0.6796875 0.3984375
2 0.736328125 0.4140625 0.7451171875 0.40625 0.74609375 0.4375 0.75 0.4453125 0.74609375 0.46875 0.748046875 0.5234375 0.7451171875 0.5546875 0.7451171875 0.4375 0.736328125 0.421875
3 0.931640625 0.453125 0.9365234375 0.453125 0.9384765625 0.4921875 0.9384765625 0.5234375 0.9365234375 0.5234375 0.9345703125 0.5546875 0.9345703125 0.53125 0.931640625 0.5234375 0.931640625 0.4609375
3 0.9580078125 0.46875 0.958984375 0.515625 0.955078125 0.53125 0.9560546875 0.578125 0.9541015625 0.6171875 0.9541015625 0.5234375 0.9501953125 0.5078125 0.9501953125 0.4765625 0.95703125 0.46875
2 0.8603515625 0.3359375 0.865234375 0.3515625 0.875 0.3515625 0.861328125 0.375 0.8603515625 0.578125 0.8603515625 0.34375
3 0.8134765625 0.515625 0.814453125 0.4765625 0.818359375 0.484375 0.8154296875 0.5625 0.814453125 0.515625
