2 0.2119140625 0.3515625 0.2158203125 0.375 0.224609375 0.375 0.212890625 0.390625 0.2138671875 0.53125 0.2119140625 0.53125 0.2119140625 0.4375 0.2060546875 0.4296875 0.20703125 0.4140625 0.2119140625 0.40625 0.2119140625 0.359375
2 0.8046875 0.3515625 0.8115234375 0.3515625 0.8115234375 0.3671875 0.8056640625 0.3671875 0.8056640625 0.484375 0.8046875 0.359375
2 0.4072265625 0.3984375 0.412109375 0.390625 0.4130859375 0.4453125 0.412109375 0.5390625 0.41015625 0.5390625 0.4111328125 0.4140625 0.4072265625 0.40625
2 0.7626953125 0.4140625 0.7666015625 0.4140625 0.7666015625 0.4296875 0.763671875 0.4375 0.763671875 0.5078125 0.7685546875 0.53125 0.7666015625 0.546875 0.7626953125 0.5390625 0.7626953125 0.421875
3 0.8876953125 0.421875 0.8955078125 0.421875 0.8984375 0.4609375 0.8955078125 0.4921875 0.896484375 0.53125 0.892578125 0.5390625 0.8955078125 0.5859375 0.89453125 0.578125 0.8935546875 0.6015625 0.8955078125 0.6171875 0.8896484375 0.6171875 0.888671875 0.59375 0.890625 0.578125 0.890625 0.5390625 0.888671875 0.53125 0.888671875 0.5625 0.884765625 0.5625 0.88671875 0.546875 0.8876953125 0.4296875
3 0.9873046875 0.484375 0.9921875 0.484375 0.9921875 0.53125 0.990234375 0.546875 0.986328125 0.5234375 0.9873046875 0.4921875
3 0.7783203125 0.484375 0.783203125 0.4921875 0.783203125 0.515625 0.78125 0.5234375 0.783203125 0.546875 0.78125 0.5546875 0.7802734375 0.5234375 0.7783203125 0.515625 0.7783203125 0.4921875
3 0.703125 0.453125 0.713867 0.453125 0.713867 0.617188 0.703125 0.617188
3 0.294921875 0.484375 0.298828125 0.484375 0.296875 0.5625 0.294921875 0.4921875
3 0.0361328125 0.5234375 0.044921875 0.515625 0.0458984375 0.53125 0.04296875 0.625 0.0419921875 0.5625 0.0380859375 0.578125 0.037109375 0.6171875 0.0361328125 0.53125
2 0.00390625 0.28125 0.0068359375 0.2890625 0.0078125 0.578125 0.0048828125 0.578125 0.00390625 0.2890625
2 0.7041015625 0.21875 0.708984375 0.2265625 0.7099609375 0.3359375 0.720703125 0.3359375 0.71875 0.3515625 0.712890625 0.34375 0.708984375 0.359375 0.708984375 0.453125 0.70703125 0.4453125 0.7060546875 0.3984375 0.7060546875 0.265625 0.6845703125 0.265625 0.6875 0.25 0.693359375 0.2578125 0.6953125 0.234375 0.697265625 0.234375 0.6982421875 0.25 0.701171875 0.2265625 0.7041015625 0.2265625
