2 0.0146484375 0.140625 0.0185546875 0.1484375 0.0185546875 0.640625 0.0205078125 0.65625 0.01953125 0.6640625 0.0185546875 0.640625 0.015625 0.65625 0.0146484375 0.1484375
2 0.2568359375 0.3515625 0.2587890625 0.375 0.2685546875 0.375 0.267578125 0.390625 0.2578125 0.390625 0.2587890625 0.5390625 0.2568359375 0.5390625 0.2568359375 0.4375 0.2509765625 0.4296875 0.251953125 0.4140625 0.2568359375 0.4140625 0.2568359375 0.359375
2 0.75390625 0.34375 0.7626953125 0.34375 0.76171875 0.359375 0.7548828125 0.359375 0.75390625 0.5234375 0.75390625 0.3515625
2 0.4287109375 0.4296875 0.4326171875 0.421875 0.431640625 0.5390625 0.431640625 0.4453125 0.4287109375 0.4375
2 0.9697265625 0.4296875 0.9736328125 0.4296875 0.974609375 0.4921875 0.974609375 0.5078125 0.97265625 0.4921875 0.9716796875 0.515625 0.97265625 0.4453125 0.9697265625 0.4375
3 0.087890625 0.5625 0.119140625 0.5625 0.1220703125 0.5703125 0.1240234375 0.625 0.123046875 0.640625 0.1162109375 0.640625 0.1171875 0.71875 0.115234375 0.7421875 0.115234375 0.7734375 0.11328125 0.765625 0.11328125 0.6484375 0.111328125 0.6328125 0.0986328125 0.625 0.09765625 0.640625 0.0966796875 0.625 0.0947265625 0.625 0.0947265625 0.6796875 0.09375 0.6640625 0.0927734375 0.671875 0.0947265625 0.71875 0.0927734375 0.7265625 0.0927734375 0.75 0.0908203125 0.734375 0.091796875 0.6484375 0.0888671875 0.6171875 0.087890625 0.5703125
3 0.21484375 0.5703125 0.212890625 0.4921875 0.2177734375 0.4921875 0.2158203125 0.5625
2 0.1982421875 0.421875 0.2021484375 0.421875 0.2021484375 0.515625 0.2021484375 0.453125 0.2001953125 0.4296875 0.1982421875 0.4296875
3 0.3310546875 0.4921875 0.3349609375 0.4921875 0.3330078125 0.5546875 0.3310546875 0.5
2 0.619140625 0.3125 0.6259765625 0.3125 0.6357421875 0.2734375 0.6357421875 0.3671875 0.64453125 0.3671875 0.64453125 0.3828125 0.6357421875 0.390625 0.63671875 0.609375 0.6337890625 0.6171875 0.6328125 0.6015625 0.634765625 0.3203125 0.619140625 0.3203125
2 0.734375 0.421875 0.7392578125 0.421875 0.7353515625 0.4375 0.7353515625 0.484375 0.7373046875 0.4921875 0.7373046875 0.5234375 0.736328125 0.515625 0.7353515625 0.53125 0.734375 0.4296875
3 0.7890625 0.3828125 0.7978515625 0.3828125 0.7978515625 0.4296875 0.80078125 0.4453125 0.7978515625 0.4921875 0.7998046875 0.515625 0.7998046875 0.546875 0.794921875 0.5625 0.794921875 0.625 0.7978515625 0.625 0.798828125 0.6484375 0.796875 0.6484375 0.7978515625 0.7109375 0.796875 0.6953125 0.7919921875 0.6953125 0.791015625 0.625 0.7939453125 0.609375 0.791015625 0.609375 0.7919921875 0.484375 0.7880859375 0.4375 0.7900390625 0.421875 0.7890625 0.390625
3 0.8466796875 0.484375 0.849609375 0.484375 0.8505859375 0.5078125 0.84765625 0.578125 0.84375 0.5859375 0.84765625 0.5625 0.845703125 0.5234375 0.8466796875 0.4921875
3 0.9853515625 0.484375 0.9921875 0.4921875 0.9921875 0.5390625 0.9892578125 0.5546875 0.9892578125 0.5703125 0.9833984375 0.53125 0.9853515625 0.4921875
3 0.9775390625 0.4765625 0.982421875 0.484375 0.982421875 0.5234375 0.98046875 0.5390625 0.9775390625 0.515625 0.9775390625 0.484375
2 0.978515625 0.359375 0.98046875 0.375 0.9814453125 0.4140625 0.9814453125 0.4453125 0.9794921875 0.4609375 0.9775390625 0.453125 0.9765625 0.3984375 0.9716796875 0.3828125 0.97265625 0.359375 0.9775390625 0.359375
