3 0.041015625 0.5078125 0.052734375 0.5078125 0.052734375 0.578125 0.048828125 0.59375 0.044921875 0.59375 0.0400390625 0.5546875 0.041015625 0.515625
2 0.052734375 0.1796875 0.0634765625 0.1953125 0.0634765625 0.4453125 0.0615234375 0.515625 0.064453125 0.5703125 0.0634765625 0.5859375 0.05859375 0.5859375 0.060546875 0.515625 0.05859375 0.2890625 0.0595703125 0.21875 0.056640625 0.203125 0.0478515625 0.1953125 0.048828125 0.1796875 0.0517578125 0.1796875
2 0.248046875 0.359375 0.25390625 0.3828125 0.2587890625 0.3828125 0.25390625 0.3828125 0.25 0.3984375 0.2509765625 0.5234375 0.2470703125 0.53125 0.2470703125 0.4375 0.2431640625 0.421875 0.2470703125 0.40625 0.2470703125 0.3671875
3 0.267578125 0.484375 0.27734375 0.484375 0.27734375 0.5234375 0.275390625 0.5390625 0.2724609375 0.5234375 0.2685546875 0.5234375 0.267578125 0.4921875
3 0.603515625 0.265625 0.6142578125 0.25 0.6220703125 0.2109375 0.6240234375 0.25 0.623046875 0.3046875 0.625 0.3203125 0.6328125 0.3203125 0.6328125 0.3359375 0.625 0.3359375 0.623046875 0.3515625 0.623046875 0.4453125 0.6259765625 0.4609375 0.6259765625 0.484375 0.623046875 0.5078125 0.625 0.5390625 0.623046875 0.5703125 0.6240234375 0.6015625 0.62109375 0.6015625 0.6201171875 0.5859375 0.6220703125 0.5625 0.6220703125 0.53125 0.619140625 0.5078125 0.62109375 0.4921875 0.6201171875 0.46875 0.6220703125 0.453125 0.619140625 0.421875 0.62109375 0.3984375 0.62109375 0.28125 0.6162109375 0.2578125 0.6103515625 0.2734375 0.603515625 0.2734375
2 0.7392578125 0.40625 0.744140625 0.40625 0.740234375 0.4375 0.7412109375 0.46875 0.7392578125 0.4609375 0.7392578125 0.4140625
3 0.741211 0.40625 0.750977 0.40625 0.750977 0.523438 0.741211 0.523438
2 0.7666015625 0.3046875 0.775390625 0.3125 0.7685546875 0.328125 0.7685546875 0.46875 0.7666015625 0.4765625 0.7685546875 0.484375 0.7685546875 0.515625 0.765625 0.515625 0.765625 0.4140625 0.767578125 0.390625 0.767578125 0.34375 0.765625 0.3203125 0.7666015625 0.3125
3 0.87109375 0.328125 0.8720703125 0.3828125 0.875 0.421875 0.869140625 0.484375 0.8759765625 0.53125 0.8759765625 0.578125 0.8681640625 0.578125 0.8681640625 0.625 0.8642578125 0.6328125 0.8623046875 0.6484375 0.86328125 0.6640625 0.8583984375 0.6640625 0.8544921875 0.6484375 0.8544921875 0.625 0.8564453125 0.6171875 0.8583984375 0.578125 0.8544921875 0.515625 0.859375 0.4765625 0.8544921875 0.4375 0.853515625 0.3828125 0.85546875 0.328125 0.8701171875 0.328125
2 0.990234375 0.375 0.99609375 0.375 0.99609375 0.390625 0.9990234375 0.3984375 0.9990234375 0.46875 0.9951171875 0.46875 0.9951171875 0.3984375 0.9912109375 0.375
