2 0.63671875 0.2734375 0.6376953125 0.2890625 0.6318359375 0.2890625 0.6279296875 0.3046875 0.6279296875 0.6015625 0.6259765625 0.6015625 0.6259765625 0.28125 0.6357421875 0.2734375
2 0.67578125 0.3984375 0.6806640625 0.3984375 0.6806640625 0.4140625 0.67578125 0.421875 0.67578125 0.546875 0.67578125 0.40625
2 0.3017578125 0.40625 0.30859375 0.421875 0.302734375 0.4375 0.3017578125 0.53125 0.3017578125 0.46875 0.2978515625 0.453125 0.3017578125 0.4375 0.3017578125 0.4140625
2 0.0068359375 0.40625 0.0107421875 0.40625 0.01171875 0.421875 0.01171875 0.4921875 0.0087890625 0.515625 0.0087890625 0.4921875 0.0107421875 0.484375 0.0107421875 0.421875 0.0068359375 0.4140625
3 0.0585938 0.460938 0.0654297 0.460938 0.0654297 0.570312 0.0585938 0.570312
2 0.05859375 0.4609375 0.05859375 0.34375 0.056640625 0.3203125 0.05078125 0.3203125 0.05078125 0.296875 0.0595703125 0.296875 0.060546875 0.3125 0.0615234375 0.4453125 0.0595703125 0.4609375
3 0.1162109375 0.46875 0.119140625 0.4765625 0.1201171875 0.5234375 0.119140625 0.5546875 0.1162109375 0.5703125 0.115234375 0.609375 0.115234375 0.5625 0.1123046875 0.5546875 0.1123046875 0.4921875 0.115234375 0.46875
2 0.2841796875 0.1875 0.28515625 0.2109375 0.2802734375 0.2265625 0.279296875 0.6328125 0.27734375 0.625 0.2763671875 0.578125 0.279296875 0.5625 0.2763671875 0.546875 0.275390625 0.515625 0.2763671875 0.21875 0.283203125 0.1875
3 0.4482421875 0.4140625 0.4501953125 0.4453125 0.4501953125 0.4765625 0.447265625 0.5 0.44921875 0.515625 0.44921875 0.546875 0.4462890625 0.546875 0.443359375 0.5703125 0.4462890625 0.65625 0.44140625 0.6640625 0.44140625 0.5546875 0.4365234375 0.546875 0.4365234375 0.515625 0.4384765625 0.5 0.4345703125 0.4765625 0.4345703125 0.4609375 0.4365234375 0.453125 0.4365234375 0.4296875 0.4384765625 0.4140625 0.447265625 0.4140625
2 0.5107421875 0.3359375 0.51171875 0.390625 0.5146484375 0.40625 0.51171875 0.4296875 0.5107421875 0.53125 0.513671875 0.546875 0.513671875 0.578125 0.5107421875 0.578125 0.5087890625 0.5078125 0.5107421875 0.4765625 0.5107421875 0.3828125 0.5068359375 0.375 0.5107421875 0.34375
3 0.6474609375 0.484375 0.6494140625 0.5234375 0.6484375 0.515625 0.6455078125 0.53125 0.6455078125 0.578125 0.64453125 0.53125 0.6416015625 0.515625 0.6416015625 0.4921875 0.646484375 0.484375
3 0.7041015625 0.4765625 0.7060546875 0.484375 0.705078125 0.5234375 0.701171875 0.5390625 0.69921875 0.609375 0.6943359375 0.6015625 0.6943359375 0.5859375 0.6982421875 0.578125 0.69921875 0.546875 0.6982421875 0.5234375 0.6953125 0.5234375 0.6953125 0.484375 0.703125 0.4765625
3 0.73046875 0.4140625 0.73828125 0.421875 0.74609375 0.453125 0.74609375 0.484375 0.744140625 0.5078125 0.74609375 0.546875 0.7451171875 0.5703125 0.734375 0.5859375 0.7333984375 0.7421875 0.7353515625 0.78125 0.7333984375 0.796875 0.7294921875 0.796875 0.7294921875 0.5859375 0.71875 0.5703125 0.71875 0.5234375 0.72265625 0.5078125 0.720703125 0.5 0.720703125 0.4453125 0.7294921875 0.421875
