2 0.6376953125 0.3125 0.6474609375 0.3125 0.646484375 0.328125 0.6396484375 0.3359375 0.6396484375 0.5859375 0.6376953125 0.5859375 0.6376953125 0.3203125
2 0.994140625 0.3984375 0.9990234375 0.3984375 0.9990234375 0.4921875 0.9970703125 0.5 0.9970703125 0.515625 0.99609375 0.4921875 0.998046875 0.484375 0.998046875 0.421875 0.994140625 0.40625
2 0.677734375 0.4140625 0.6826171875 0.4140625 0.677734375 0.4296875 0.677734375 0.546875 0.677734375 0.421875
3 0.005859375 0.484375 0.0107421875 0.4921875 0.0107421875 0.515625 0.009765625 0.5078125 0.0087890625 0.5234375 0.0048828125 0.5078125 0.005859375 0.4921875
3 0.04296875 0.4609375 0.0439453125 0.5234375 0.0400390625 0.5390625 0.0400390625 0.5703125 0.0380859375 0.578125 0.03515625 0.4921875 0.037109375 0.4609375 0.0419921875 0.4609375
2 0.02734375 0.28125 0.0380859375 0.28125 0.0400390625 0.3515625 0.0390625 0.4609375 0.037109375 0.4453125 0.0361328125 0.3125 0.0283203125 0.3046875 0.02734375 0.2890625
3 0.09375 0.4609375 0.0986328125 0.46875 0.1005859375 0.5 0.099609375 0.5625 0.0947265625 0.5703125 0.0947265625 0.6328125 0.0927734375 0.609375 0.09375 0.578125 0.08984375 0.5625 0.08984375 0.484375 0.0908203125 0.46875 0.0927734375 0.46875
3 0.3515625 0.53125 0.3505859375 0.609375 0.3486328125 0.6015625 0.3486328125 0.5859375 0.3505859375 0.578125 0.349609375 0.5703125 0.3427734375 0.5625 0.341796875 0.59375 0.33984375 0.59375 0.3369140625 0.546875 0.337890625 0.53125 0.3505859375 0.53125
2 0.30078125 0.15625 0.306640625 0.1640625 0.3046875 0.203125 0.3046875 0.6171875 0.30078125 0.6328125 0.30078125 0.6015625 0.3046875 0.59375 0.30078125 0.5859375 0.30078125 0.1640625
2 0.314453125 0.390625 0.3193359375 0.3984375 0.3193359375 0.4140625 0.3125 0.421875 0.3125 0.5390625 0.310546875 0.5390625 0.3095703125 0.515625 0.3095703125 0.3984375 0.3134765625 0.390625
3 0.4853515625 0.421875 0.49609375 0.421875 0.498046875 0.4609375 0.498046875 0.484375 0.49609375 0.5 0.4970703125 0.546875 0.494140625 0.546875 0.4921875 0.5625 0.4921875 0.6171875 0.494140625 0.625 0.494140625 0.640625 0.4912109375 0.671875 0.48828125 0.65625 0.4892578125 0.6171875 0.48828125 0.609375 0.4873046875 0.625 0.490234375 0.59375 0.4892578125 0.5546875 0.4853515625 0.546875 0.4853515625 0.515625 0.4873046875 0.5078125 0.4833984375 0.484375 0.4853515625 0.4296875
2 0.529296875 0.34375 0.53125 0.3515625 0.53125 0.3984375 0.5341796875 0.4140625 0.53125 0.4296875 0.5322265625 0.5703125 0.5283203125 0.5703125 0.52734375 0.546875 0.5302734375 0.3984375 0.5244140625 0.375 0.529296875 0.3515625
3 0.6962890625 0.484375 0.705078125 0.4921875 0.7041015625 0.5234375 0.7001953125 0.5390625 0.69921875 0.59375 0.6953125 0.59375 0.6953125 0.5703125 0.697265625 0.5703125 0.69921875 0.5390625 0.6982421875 0.5234375 0.6962890625 0.5234375 0.6962890625 0.4921875
3 0.724609375 0.4609375 0.7275390625 0.4765625 0.7275390625 0.5 0.7265625 0.5546875 0.7216796875 0.5546875 0.7197265625 0.5703125 0.720703125 0.6875 0.716796875 0.6796875 0.716796875 0.5625 0.7109375 0.5546875 0.7109375 0.515625 0.7119140625 0.46875 0.7177734375 0.453125 0.7236328125 0.4609375
