2 0.7529296875 0.1328125 0.7548828125 0.1328125 0.755859375 0.265625 0.7578125 0.28125 0.7724609375 0.2890625 0.76953125 0.3046875 0.7568359375 0.3046875 0.755859375 0.3359375 0.7587890625 0.671875 0.7548828125 0.6640625 0.7529296875 0.1875 0.7197265625 0.1796875 0.7197265625 0.1640625 0.7216796875 0.15625 0.7421875 0.1640625 0.7529296875 0.140625
2 0.0166015625 0.296875 0.017578125 0.59375 0.0166015625 0.6015625 0.0146484375 0.578125 0.015625 0.3671875 0.0146484375 0.3359375 0.01171875 0.3203125 0.015625 0.3046875
2 0.8466796875 0.34375 0.853515625 0.359375 0.8486328125 0.3671875 0.8486328125 0.578125 0.8466796875 0.578125 0.8466796875 0.3515625
2 0.125 0.3828125 0.1259765625 0.5546875 0.1240234375 0.5390625 0.125 0.4140625 0.123046875 0.3984375 0.1201171875 0.3984375 0.1240234375 0.390625
2 0.201171875 0.3828125 0.205078125 0.3984375 0.2109375 0.3984375 0.2021484375 0.4140625 0.203125 0.5546875 0.1962890625 0.5546875 0.1953125 0.5703125 0.193359375 0.5546875 0.1923828125 0.5703125 0.193359375 0.546875 0.201171875 0.5390625 0.19921875 0.515625 0.201171875 0.453125 0.1962890625 0.4453125 0.201171875 0.4296875 0.201171875 0.390625
2 0.36328125 0.390625 0.3681640625 0.390625 0.369140625 0.4296875 0.369140625 0.5390625 0.3671875 0.5703125 0.3681640625 0.4140625 0.36328125 0.3984375
2 0.787109375 0.4140625 0.7919921875 0.4140625 0.7880859375 0.4296875 0.7880859375 0.546875 0.787109375 0.421875
2 0.62109375 0.4296875 0.6259765625 0.4375 0.62109375 0.453125 0.62109375 0.5546875 0.62109375 0.4375
2 0.7197265625 0.421875 0.7197265625 0.453125 0.72265625 0.4609375 0.7197265625 0.4765625 0.7197265625 0.5390625 0.71875 0.453125 0.712890625 0.4453125 0.71875 0.4296875
3 0.1064453125 0.484375 0.111328125 0.4921875 0.109375 0.5703125 0.1083984375 0.53125 0.10546875 0.515625 0.10546875 0.4921875
