2 0.07421875 0.3828125 0.0791015625 0.3828125 0.0791015625 0.5 0.0771484375 0.5 0.0771484375 0.40625 0.0751953125 0.390625
2 0.150390625 0.390625 0.15234375 0.40625 0.150390625 0.453125 0.1484375 0.4453125 0.1494140625 0.3984375
2 0.1611328125 0.234375 0.1767578125 0.2578125 0.1884765625 0.2578125 0.1669921875 0.265625 0.1640625 0.28125 0.1640625 0.4609375 0.16796875 0.484375 0.16796875 0.515625 0.1640625 0.5390625 0.1630859375 0.5625 0.1650390625 0.6015625 0.1630859375 0.609375 0.1611328125 0.59375 0.1611328125 0.5390625 0.1591796875 0.5078125 0.1611328125 0.4375 0.16015625 0.359375 0.158203125 0.34375 0.1494140625 0.34375 0.16015625 0.328125 0.1611328125 0.2421875
3 0.3125 0.4765625 0.3193359375 0.484375 0.3173828125 0.515625 0.3125 0.5078125 0.3125 0.484375
3 0.703125 0.3203125 0.703125 0.359375 0.7060546875 0.3828125 0.7109375 0.390625 0.7060546875 0.390625 0.7041015625 0.40625 0.703125 0.5625 0.701171875 0.5078125 0.701171875 0.3671875 0.6962890625 0.34375 0.6875 0.34375 0.6982421875 0.3359375 0.7021484375 0.3203125
2 0.7998046875 0.390625 0.796875 0.4140625 0.796875 0.4921875 0.7958984375 0.4140625 0.79296875 0.3984375 0.798828125 0.390625
2 0.703125 0.3203125 0.7041015625 0.3671875 0.7060546875 0.3828125 0.7109375 0.390625 0.7060546875 0.390625 0.7041015625 0.4140625 0.705078125 0.4453125 0.703125 0.4609375 0.703125 0.5625 0.701171875 0.3671875 0.6962890625 0.34375 0.6875 0.34375 0.6982421875 0.3359375 0.7021484375 0.3203125
2 0.8798828125 0.34375 0.8876953125 0.34375 0.8828125 0.3671875 0.8828125 0.4609375 0.880859375 0.484375 0.8818359375 0.5 0.87890625 0.5 0.8798828125 0.3515625
2 0.91015625 0.4140625 0.912109375 0.4140625 0.9130859375 0.4921875 0.91015625 0.4921875 0.91015625 0.421875
2 0.990234375 0.328125 0.9990234375 0.3359375 0.9990234375 0.4921875 0.9970703125 0.484375 0.9970703125 0.3515625 0.9951171875 0.3359375 0.990234375 0.3359375
2 0.404296875 0.390625 0.4072265625 0.390625 0.408203125 0.40625 0.408203125 0.5234375 0.40625 0.5234375 0.40625 0.421875 0.404296875 0.3984375
2 0.5634765625 0.4140625 0.568359375 0.421875 0.5654296875 0.4453125 0.564453125 0.484375 0.5673828125 0.515625 0.5634765625 0.5078125 0.5634765625 0.421875
