2 0.9833984375 0.328125 0.9951171875 0.3203125 0.9970703125 0.234375 0.99609375 0.21875 0.9990234375 0.21875 0.9990234375 0.5546875 0.9970703125 0.6015625 0.9990234375 0.609375 0.998046875 0.640625 0.9951171875 0.6328125 0.99609375 0.34375 0.9833984375 0.3359375
2 0.470703125 0.2734375 0.4716796875 0.2578125 0.505859375 0.2578125 0.48828125 0.28125 0.48828125 0.484375 0.4912109375 0.5 0.490234375 0.5703125 0.48828125 0.578125 0.4833984375 0.5703125 0.4833984375 0.5 0.486328125 0.484375 0.4853515625 0.4296875 0.4873046875 0.4140625 0.4873046875 0.28125 0.4716796875 0.2734375
2 0.443359375 0.4140625 0.451171875 0.40625 0.4453125 0.4296875 0.4453125 0.5234375 0.4453125 0.4296875 0.443359375 0.421875
2 0.0791015625 0.421875 0.0830078125 0.4375 0.0859375 0.4296875 0.0859375 0.4453125 0.080078125 0.453125 0.080078125 0.546875 0.0791015625 0.4765625 0.076171875 0.46875 0.0791015625 0.453125 0.0791015625 0.4296875
3 0.5673828125 0.3828125 0.568359375 0.3984375 0.5732421875 0.390625 0.5732421875 0.4140625 0.5703125 0.4375 0.572265625 0.46875 0.572265625 0.515625 0.56640625 0.53125 0.5673828125 0.6328125 0.5654296875 0.6328125 0.564453125 0.6171875 0.564453125 0.5390625 0.5615234375 0.515625 0.55859375 0.515625 0.5576171875 0.5 0.55859375 0.4375 0.5556640625 0.4140625 0.55859375 0.390625 0.56640625 0.390625
2 0.16796875 0.3203125 0.169921875 0.328125 0.1708984375 0.390625 0.169921875 0.484375 0.1728515625 0.484375 0.1748046875 0.5 0.173828125 0.5234375 0.169921875 0.546875 0.1708984375 0.609375 0.16796875 0.609375 0.16796875 0.53125 0.166015625 0.5234375 0.166015625 0.4921875 0.16796875 0.484375 0.16796875 0.3671875 0.1611328125 0.3515625 0.1513671875 0.3515625 0.1533203125 0.3359375 0.162109375 0.34375 0.16796875 0.328125
3 0.416015625 0.484375 0.419921875 0.4921875 0.41796875 0.546875 0.416015625 0.4921875
3 0.4287109375 0.4921875 0.4345703125 0.4921875 0.4326171875 0.5546875 0.4296875 0.5625 0.427734375 0.515625 0.4287109375 0.5
3 0.4775390625 0.4609375 0.478515625 0.5078125 0.4736328125 0.5234375 0.4755859375 0.6171875 0.47265625 0.625 0.4697265625 0.59375 0.4697265625 0.5703125 0.47265625 0.546875 0.470703125 0.515625 0.4677734375 0.5078125 0.4677734375 0.46875 0.4697265625 0.4453125 0.4765625 0.4609375
2 0.3662109375 0.390625 0.3681640625 0.40625 0.37109375 0.3984375 0.3662109375 0.4140625 0.3662109375 0.5390625 0.365234375 0.3984375
2 0.1875 0.4140625 0.1943359375 0.4140625 0.1943359375 0.484375 0.1923828125 0.53125 0.1923828125 0.4296875 0.1884765625 0.421875
2 0 0.2109375 0.009765625 0.2265625 0.0263671875 0.2265625 0.0244140625 0.2421875 0.0166015625 0.234375 0 0.25 0 0.21875
3 0.615234375 0.546875 0.615234375 0.484375 0.6181640625 0.484375 0.6162109375 0.546875
2 0.6083984375 0.3828125 0.609375 0.390625 0.6044921875 0.4140625 0.60546875 0.5390625 0.603515625 0.4921875 0.6044921875 0.4140625 0.6005859375 0.40625 0.6005859375 0.390625 0.607421875 0.3828125
