2 0.6748046875 0.234375 0.7119140625 0.203125 0.7119140625 0.21875 0.6962890625 0.2265625 0.6923828125 0.2421875 0.693359375 0.5546875 0.69140625 0.609375 0.689453125 0.609375 0.69140625 0.2421875 0.6748046875 0.2421875
2 0.1337890625 0.234375 0.1396484375 0.234375 0.154296875 0.265625 0.15625 0.2578125 0.16015625 0.2734375 0.1484375 0.2734375 0.1484375 0.5703125 0.150390625 0.59375 0.14453125 0.59375 0.146484375 0.5703125 0.146484375 0.2734375 0.14453125 0.2578125 0.1337890625 0.2421875
2 0.333984375 0.375 0.3388671875 0.3671875 0.3349609375 0.390625 0.3349609375 0.5546875 0.333984375 0.3828125
2 0.0458984375 0.421875 0.0537109375 0.4296875 0.0537109375 0.4453125 0.046875 0.453125 0.046875 0.546875 0.0458984375 0.4765625 0.0419921875 0.46875 0.04296875 0.453125 0.0458984375 0.453125 0.0458984375 0.4296875
2 0.091796875 0.453125 0.0986328125 0.4453125 0.0986328125 0.4921875 0.1005859375 0.5078125 0.09765625 0.546875 0.0966796875 0.5078125 0.0986328125 0.46875 0.091796875 0.4609375
3 0.837890625 0.515625 0.8388671875 0.4765625 0.84375 0.4765625 0.8447265625 0.4921875 0.8447265625 0.53125 0.83984375 0.5390625 0.8388671875 0.515625
3 0.7783203125 0.6484375 0.77734375 0.578125 0.779296875 0.5625 0.7783203125 0.53125 0.7744140625 0.5078125 0.7734375 0.484375 0.779296875 0.46875 0.7841796875 0.4921875 0.783203125 0.515625 0.7802734375 0.5234375 0.7802734375 0.6015625 0.7783203125 0.65625
2 0.7763671875 0.3828125 0.787109375 0.3828125 0.78515625 0.3984375 0.78515625 0.4375 0.7890625 0.453125 0.7841796875 0.453125 0.78515625 0.4140625 0.783203125 0.390625 0.7763671875 0.390625
3 0.6416015625 0.5390625 0.638671875 0.5 0.6396484375 0.484375 0.642578125 0.484375 0.6416015625 0.546875
3 0.6650390625 0.5078125 0.6865234375 0.515625 0.6865234375 0.546875 0.681640625 0.5625 0.681640625 0.625 0.6796875 0.609375 0.6796875 0.5546875 0.6640625 0.5546875 0.662109375 0.6328125 0.6611328125 0.5703125 0.6572265625 0.5546875 0.6572265625 0.5390625 0.658203125 0.5234375 0.6640625 0.5078125
2 0.9169921875 0.359375 0.921875 0.359375 0.919921875 0.375 0.919921875 0.59375 0.91796875 0.46875 0.9189453125 0.375 0.9169921875 0.3671875
3 0.5419921875 0.484375 0.5478515625 0.4921875 0.546875 0.546875 0.5458984375 0.5234375 0.5419921875 0.5078125 0.541015625 0.546875 0.541015625 0.4921875
3 0.517578125 0.4921875 0.5244140625 0.4921875 0.521484375 0.53125 0.517578125 0.5
3 0.4228515625 0.453125 0.42578125 0.453125 0.42578125 0.46875 0.423828125 0.4765625 0.4228515625 0.5390625 0.4228515625 0.4609375
2 0.4736328125 0.3671875 0.494140625 0.3671875 0.4833984375 0.390625 0.4833984375 0.5546875 0.4814453125 0.421875 0.482421875 0.390625 0.4736328125 0.375
3 0.158203125 0.5078125 0.1708984375 0.5078125 0.171875 0.5859375 0.1708984375 0.6015625 0.1689453125 0.6015625 0.1689453125 0.546875 0.162109375 0.5390625 0.16015625 0.5546875 0.16015625 0.6015625 0.158203125 0.578125 0.158203125 0.515625
3 0.0625 0.4453125 0.0693359375 0.4609375 0.0693359375 0.53125 0.064453125 0.5625 0.064453125 0.5859375 0.0625 0.59375 0.0634765625 0.5390625 0.0595703125 0.5234375 0.0595703125 0.453125 0.0615234375 0.453125
3 0.1083984375 0.484375 0.115234375 0.4921875 0.115234375 0.5234375 0.11328125 0.5390625 0.115234375 0.5625 0.1142578125 0.578125 0.111328125 0.578125 0.1123046875 0.53125 0.109375 0.5234375 0.1083984375 0.4921875
