2 0.90234375 0.2421875 0.91015625 0.265625 0.912109375 0.2578125 0.9208984375 0.2734375 0.9091796875 0.28125 0.9111328125 0.5625 0.91015625 0.59375 0.9072265625 0.59375 0.908203125 0.2734375 0.904296875 0.2578125 0.89453125 0.25 0.8955078125 0.234375 0.9013671875 0.2421875
2 0.232421875 0.3671875 0.2373046875 0.375 0.236328125 0.5546875 0.2353515625 0.390625 0.232421875 0.375
2 0.078125 0.375 0.0947265625 0.375 0.0947265625 0.390625 0.0869140625 0.3984375 0.087890625 0.546875 0.0859375 0.546875 0.0869140625 0.3984375 0.0849609375 0.3828125 0.078125 0.3828125
2 0.8681640625 0.40625 0.8720703125 0.40625 0.8701171875 0.421875 0.8701171875 0.453125 0.8740234375 0.4609375 0.8701171875 0.4765625 0.87109375 0.5234375 0.8681640625 0.5234375 0.8701171875 0.5 0.8701171875 0.421875 0.8681640625 0.4140625
2 0.3623046875 0.4296875 0.3642578125 0.4375 0.3623046875 0.4609375 0.3623046875 0.5390625 0.3623046875 0.4375
2 0.572265625 0.421875 0.5751953125 0.421875 0.576171875 0.4765625 0.5751953125 0.578125 0.57421875 0.4375 0.572265625 0.4296875
2 0.763672 0.46875 0.766602 0.46875 0.766602 0.601562 0.763672 0.601562
3 0.548828125 0.46875 0.556640625 0.46875 0.5595703125 0.484375 0.55859375 0.59375 0.5576171875 0.5234375 0.5537109375 0.5078125 0.546875 0.515625 0.5458984375 0.59375 0.544921875 0.484375 0.548828125 0.4765625
3 0.4951171875 0.4609375 0.5029296875 0.4609375 0.505859375 0.4765625 0.505859375 0.5078125 0.4990234375 0.5390625 0.498046875 0.625 0.49609375 0.6171875 0.4951171875 0.6328125 0.4931640625 0.6328125 0.4931640625 0.6171875 0.49609375 0.6171875 0.4951171875 0.5859375 0.4970703125 0.5703125 0.4970703125 0.53125 0.494140625 0.5234375 0.4931640625 0.5625 0.490234375 0.515625 0.4892578125 0.5390625 0.4853515625 0.5234375 0.4892578125 0.5234375 0.490234375 0.4765625 0.494140625 0.4609375
3 0.40234375 0.5078125 0.4169921875 0.5078125 0.4169921875 0.5390625 0.4150390625 0.546875 0.4150390625 0.609375 0.4130859375 0.5390625 0.404296875 0.5390625 0.40234375 0.6171875 0.40234375 0.546875 0.400390625 0.53125 0.4013671875 0.515625
2 0.6513671875 0.3515625 0.6552734375 0.3515625 0.6533203125 0.375 0.6552734375 0.6171875 0.65234375 0.609375 0.6533203125 0.375 0.6513671875 0.359375
3 0.8271484375 0.4609375 0.8291015625 0.5078125 0.8291015625 0.5234375 0.8271484375 0.53125 0.828125 0.5859375 0.8212890625 0.4765625 0.8232421875 0.4609375 0.826171875 0.4609375
3 0.92578125 0.5 0.9345703125 0.515625 0.935546875 0.5546875 0.93359375 0.5625 0.93359375 0.609375 0.931640625 0.59375 0.9326171875 0.5703125 0.9287109375 0.546875 0.92578125 0.5546875 0.9248046875 0.6015625 0.9248046875 0.5078125
3 0.9521484375 0.484375 0.9541015625 0.5078125 0.9521484375 0.53125 0.9521484375 0.578125 0.9501953125 0.578125 0.951171875 0.53125 0.9482421875 0.515625 0.9482421875 0.4921875 0.951171875 0.484375
3 0.4443359375 0.4921875 0.4453125 0.515625 0.4423828125 0.53125 0.4423828125 0.5703125 0.4384765625 0.5078125 0.4404296875 0.4921875 0.443359375 0.4921875
2 0.4375 0.234375 0.4345703125 0.25 0.4248046875 0.2578125 0.4208984375 0.28125 0.419921875 0.3984375 0.421875 0.4453125 0.419921875 0.5 0.419921875 0.5859375 0.41796875 0.53125 0.41796875 0.265625 0.4150390625 0.2578125 0.404296875 0.2734375 0.4033203125 0.2578125 0.4091796875 0.265625 0.4150390625 0.25 0.4365234375 0.234375
2 0.458984375 0.4140625 0.46875 0.40625 0.4619140625 0.421875 0.4609375 0.546875 0.4609375 0.4765625 0.4580078125 0.4609375 0.4609375 0.4453125 0.4599609375 0.421875
