2 0.01171875 0.3359375 0.02734375 0.3515625 0.017578125 0.359375 0.015625 0.375 0.0146484375 0.5390625 0.01171875 0.5390625 0.01171875 0.421875 0.005859375 0.40625 0.01171875 0.3828125 0.01171875 0.34375
2 0.1005859375 0.3984375 0.1103515625 0.390625 0.11328125 0.375 0.1142578125 0.4375 0.1123046875 0.484375 0.1162109375 0.4921875 0.11328125 0.53125 0.111328125 0.53125 0.1103515625 0.5078125 0.1123046875 0.484375 0.1123046875 0.4140625 0.1103515625 0.3984375 0.1015625 0.3984375
2 0.1455078125 0.4296875 0.1513671875 0.421875 0.1513671875 0.5234375 0.1484375 0.515625 0.1494140625 0.453125 0.146484375 0.4296875
3 0.2841796875 0.4609375 0.2900390625 0.4609375 0.2919921875 0.4765625 0.2861328125 0.5 0.283203125 0.484375 0.2841796875 0.46875
2 0.4697265625 0.015625 0.46875 0.03125 0.4365234375 0.046875 0.4345703125 0.0625 0.435546875 0.2734375 0.43359375 0.3203125 0.435546875 0.3359375 0.4345703125 0.4765625 0.4365234375 0.5 0.4345703125 0.5625 0.4345703125 0.6640625 0.4287109375 0.6640625 0.4287109375 0.5859375 0.4306640625 0.53125 0.4296875 0.3359375 0.431640625 0.3203125 0.4306640625 0.2421875 0.4326171875 0.1640625 0.4326171875 0.078125 0.4287109375 0.0546875 0.4111328125 0.0859375 0.4033203125 0.078125 0.4072265625 0.0625 0.4443359375 0.0390625 0.4560546875 0.015625 0.46875 0.015625
2 0.4208984375 0.3828125 0.4287109375 0.3828125 0.423828125 0.390625 0.423828125 0.40625 0.421875 0.4140625 0.423828125 0.4375 0.4248046875 0.4921875 0.4248046875 0.515625 0.421875 0.515625 0.421875 0.390625
2 0.6337890625 0.3515625 0.6279296875 0.3828125 0.626953125 0.4296875 0.6259765625 0.375 0.623046875 0.359375 0.6328125 0.3515625
2 0.6962890625 0.375 0.701171875 0.375 0.701171875 0.4921875 0.69921875 0.5 0.6982421875 0.390625 0.6962890625 0.3828125
2 0.705078125 0.40625 0.712890625 0.40625 0.712890625 0.5234375 0.7109375 0.53125 0.7099609375 0.4921875 0.7119140625 0.484375 0.7119140625 0.4375 0.7080078125 0.40625 0.7060546875 0.40625
2 0.7587890625 0.03125 0.76171875 0.0234375 0.7646484375 0.046875 0.763671875 0.0625 0.76953125 0.171875 0.7685546875 0.3046875 0.7724609375 0.34375 0.7724609375 0.390625 0.7705078125 0.4140625 0.7734375 0.4765625 0.771484375 0.484375 0.7724609375 0.515625 0.771484375 0.5546875 0.76953125 0.5703125 0.76953125 0.609375 0.7734375 0.7421875 0.7724609375 0.796875 0.7734375 0.8359375 0.775390625 0.8515625 0.775390625 0.96875 0.7734375 0.984375 0.7685546875 0.984375 0.7685546875 0.96875 0.771484375 0.9609375 0.767578125 0.9296875 0.767578125 0.859375 0.7646484375 0.8515625 0.7666015625 0.8359375 0.763671875 0.8046875 0.765625 0.7578125 0.763671875 0.7109375 0.765625 0.6953125 0.763671875 0.6328125 0.7607421875 0.6015625 0.7626953125 0.578125 0.76171875 0.515625 0.765625 0.4765625 0.7607421875 0.4375 0.76171875 0.4140625 0.759765625 0.3828125 0.76171875 0.3671875 0.7578125 0.328125 0.7578125 0.203125 0.7548828125 0.1796875 0.7568359375 0.171875 0.755859375 0.125 0.7587890625 0.1015625 0.755859375 0.0859375 0.7587890625 0.0390625
3 0.7373046875 0.4375 0.73828125 0.4765625 0.7333984375 0.515625 0.734375 0.53125 0.73046875 0.5 0.728515625 0.453125 0.732421875 0.4296875 0.736328125 0.4375
3 0.263671875 0.3671875 0.294921875 0.359375 0.306640625 0.3828125 0.306640625 0.484375 0.3037109375 0.5 0.3046875 0.6328125 0.3017578125 0.6953125 0.3037109375 0.7109375 0.3017578125 0.7265625 0.3037109375 0.7578125 0.302734375 0.8046875 0.2998046875 0.8125 0.2978515625 0.7734375 0.298828125 0.734375 0.296875 0.6484375 0.298828125 0.5078125 0.2939453125 0.4765625 0.2958984375 0.453125 0.294921875 0.4140625 0.2646484375 0.40625 0.2626953125 0.390625 0.263671875 0.375
