2 0.9111328125 0.2109375 0.9091796875 0.2265625 0.9091796875 0.2578125 0.9111328125 0.2734375 0.9111328125 0.3125 0.9140625 0.3671875 0.9140625 0.4140625 0.9169921875 0.46875 0.916015625 0.4921875 0.9140625 0.46875 0.9130859375 0.40625 0.9111328125 0.3828125 0.9111328125 0.3359375 0.9072265625 0.2421875 0.9052734375 0.21875 0.90234375 0.21875 0.91015625 0.2109375
2 0.2373046875 0.3203125 0.2431640625 0.3203125 0.240234375 0.3359375 0.236328125 0.484375 0.2353515625 0.5 0.2333984375 0.5 0.23828125 0.328125
3 0.2958984375 0.484375 0.2978515625 0.484375 0.2978515625 0.5078125 0.29296875 0.53125 0.2958984375 0.4921875
0 0.474609375 0.5703125 0.474609375 0.6484375 0.4697265625 0.640625 0.4716796875 0.578125 0.4736328125 0.5703125
0 0.5009765625 0.6015625 0.5048828125 0.59375 0.5048828125 0.6640625 0.501953125 0.65625 0.501953125 0.6015625
0 0.5361328125 0.5859375 0.5400390625 0.5859375 0.5390625 0.671875 0.537109375 0.59375
0 0.5751953125 0.5859375 0.5791015625 0.5859375 0.5791015625 0.6640625 0.5751953125 0.6640625 0.5751953125 0.59375
0 0.603515625 0.5625 0.6064453125 0.5703125 0.60546875 0.65625 0.6025390625 0.6640625 0.6015625 0.5859375 0.603515625 0.5703125
0 0.6318359375 0.5703125 0.634765625 0.5703125 0.634765625 0.609375 0.63671875 0.6328125 0.6328125 0.6484375 0.6318359375 0.578125
0 0.6513671875 0.5703125 0.654296875 0.5703125 0.6572265625 0.59375 0.658203125 0.6328125 0.6552734375 0.640625 0.6533203125 0.6328125 0.6552734375 0.609375 0.65234375 0.5703125
0 0.66796875 0.546875 0.6728515625 0.5546875 0.6728515625 0.578125 0.6748046875 0.5859375 0.6748046875 0.6171875 0.6708984375 0.625 0.6708984375 0.5859375 0.66796875 0.5703125 0.669921875 0.5625 0.6689453125 0.5546875
