2 0.05859375 0.15625 0.060546875 0.1640625 0.0595703125 0.1796875 0.046875 0.1875 0.044921875 0.2109375 0.046875 0.296875 0.0458984375 0.3125 0.0478515625 0.3515625 0.0478515625 0.4296875 0.048828125 0.4609375 0.052734375 0.4765625 0.0517578125 0.515625 0.0498046875 0.515625 0.05078125 0.5703125 0.048828125 0.5703125 0.048828125 0.515625 0.044921875 0.5 0.044921875 0.4765625 0.0478515625 0.453125 0.04296875 0.1953125 0.0478515625 0.171875 0.0576171875 0.1640625
2 0.248046875 0.1953125 0.2607421875 0.2265625 0.2578125 0.3203125 0.2587890625 0.3359375 0.2568359375 0.34375 0.255859375 0.3984375 0.25390625 0.4140625 0.2548828125 0.4296875 0.2529296875 0.453125 0.2568359375 0.4765625 0.2568359375 0.4921875 0.2548828125 0.5078125 0.25390625 0.5859375 0.251953125 0.5625 0.2490234375 0.6015625 0.2451171875 0.5859375 0.2451171875 0.5703125 0.24609375 0.578125 0.248046875 0.5625 0.24609375 0.5 0.2529296875 0.4375 0.259765625 0.2421875 0.248046875 0.203125
2 0.4267578125 0.375 0.439453125 0.3828125 0.4287109375 0.3828125 0.4267578125 0.3984375 0.427734375 0.4375 0.4248046875 0.453125 0.4228515625 0.5078125 0.423828125 0.5703125 0.4208984375 0.578125 0.41796875 0.6484375 0.41796875 0.59375 0.419921875 0.578125 0.41796875 0.5546875 0.4150390625 0.609375 0.4130859375 0.6171875 0.4111328125 0.671875 0.412109375 0.5859375 0.4140625 0.5625 0.4169921875 0.5625 0.41796875 0.5390625 0.421875 0.515625 0.4267578125 0.3828125
2 0.7978515625 0.375 0.8017578125 0.3828125 0.8046875 0.5234375 0.8037109375 0.5390625 0.806640625 0.6328125 0.8046875 0.640625 0.802734375 0.578125 0.80078125 0.3984375 0.7978515625 0.3828125
2 0.708984 0.460938 0.713867 0.460938 0.713867 0.648438 0.708984 0.648438
2 0.3564453125 0.4921875 0.359375 0.4921875 0.361328125 0.5078125 0.361328125 0.5390625 0.3583984375 0.5390625 0.3564453125 0.5625 0.3544921875 0.625 0.35546875 0.6484375 0.3515625 0.6953125 0.3564453125 0.5
3 0.2705078125 0.671875 0.2744140625 0.6875 0.27734375 0.671875 0.2783203125 0.703125 0.2734375 0.7578125 0.2724609375 0.75 0.271484375 0.765625 0.265625 0.765625 0.2646484375 0.8125 0.265625 0.8203125 0.267578125 0.8046875 0.2685546875 0.828125 0.267578125 0.8125 0.265625 0.828125 0.26171875 0.828125 0.263671875 0.7734375 0.2626953125 0.765625 0.2607421875 0.78125 0.259765625 0.765625 0.2578125 0.78125 0.25390625 0.75 0.255859375 0.703125 0.2568359375 0.71875 0.26171875 0.6875 0.26953125 0.671875
3 0.53125 0.546875 0.53515625 0.5546875 0.533203125 0.578125 0.5341796875 0.609375 0.53125 0.7109375 0.5390625 0.7578125 0.53125 0.796875 0.529296875 0.828125 0.5302734375 0.8984375 0.5244140625 0.8984375 0.5234375 0.8671875 0.5263671875 0.78125 0.5234375 0.765625 0.5224609375 0.7421875 0.5283203125 0.7109375 0.5283203125 0.6875 0.5234375 0.65625 0.5263671875 0.640625 0.525390625 0.625 0.5302734375 0.6171875 0.5283203125 0.6015625 0.5322265625 0.5859375 0.5322265625 0.5546875
1 0.673828125 0.453125 0.677734375 0.4375 0.693359375 0.4296875 0.6962890625 0.4140625 0.69921875 0.4453125 0.69921875 0.53125 0.701171875 0.5546875 0.7001953125 0.6484375 0.6953125 0.640625 0.6962890625 0.6171875 0.693359375 0.5703125 0.6943359375 0.5390625 0.6923828125 0.53125 0.6943359375 0.5078125 0.6923828125 0.4765625 0.6845703125 0.46875 0.6806640625 0.484375 0.6728515625 0.484375 0.6748046875 0.4765625 0.6748046875 0.4609375
1 0.9912109375 0.0234375 0.9990234375 0.0234375 0.9990234375 0.1640625 0.9775390625 0.1796875 0.9736328125 0.1484375 0.96875 0.15625 0.958984375 0.1953125 0.9560546875 0.1953125 0.951171875 0.2421875 0.953125 0.2734375 0.94140625 0.3359375 0.9296875 0.359375 0.9228515625 0.34375 0.9189453125 0.3515625 0.921875 0.421875 0.927734375 0.4375 0.9296875 0.46875 0.927734375 0.5703125 0.9296875 0.6328125 0.9287109375 0.640625 0.9306640625 0.671875 0.935546875 0.703125 0.9287109375 0.7109375 0.927734375 0.703125 0.9296875 0.6953125 0.9248046875 0.6796875 0.9228515625 0.6484375 0.923828125 0.640625 0.9189453125 0.546875 0.9189453125 0.5 0.9169921875 0.4921875 0.91796875 0.4453125 0.9150390625 0.4375 0.9150390625 0.3984375 0.912109375 0.34375 0.9208984375 0.2890625 0.9228515625 0.2578125 0.921875 0.234375 0.931640625 0.15625 0.9423828125 0.1015625 0.9462890625 0.1015625 0.9482421875 0.1171875 0.947265625 0.1484375 0.94921875 0.1640625 0.955078125 0.1640625 0.9599609375 0.1328125 0.970703125 0.109375 0.9716796875 0.0859375 0.9755859375 0.0625 0.9814453125 0.0625 0.9873046875 0.03125 0.9921875 0.03125
1 0.28125 0 0.2890625 0.0234375 0.2900390625 0.0546875 0.2958984375 0.09375 0.3046875 0.1015625 0.3193359375 0.15625 0.3203125 0.1796875 0.3408203125 0.2421875 0.337890625 0.2890625 0.337890625 0.3359375 0.333984375 0.3984375 0.333984375 0.4375 0.3310546875 0.4453125 0.3349609375 0.46875 0.3349609375 0.484375 0.328125 0.4921875 0.326171875 0.5078125 0.330078125 0.53125 0.328125 0.5546875 0.330078125 0.5859375 0.3271484375 0.65625 0.3232421875 0.6796875 0.3212890625 0.7578125 0.3173828125 0.78125 0.3173828125 0.8046875 0.3154296875 0.8203125 0.31640625 0.8515625 0.310546875 0.8984375 0.302734375 0.921875 0.296875 0.90625 0.306640625 0.828125 0.306640625 0.7734375 0.30859375 0.75 0.306640625 0.6796875 0.3095703125 0.6640625 0.30859375 0.65625 0.314453125 0.578125 0.3115234375 0.53125 0.318359375 0.4375 0.3203125 0.4375 0.32421875 0.3984375 0.3271484375 0.2578125 0.3037109375 0.1640625 0.2939453125 0.1484375 0.2900390625 0.1171875 0.28515625 0.1171875 0.2822265625 0.15625 0.2744140625 0.1640625 0.2646484375 0.140625 0.2607421875 0.1171875 0.2373046875 0.078125 0.216796875 0.0625 0.208984375 0.03125 0.2109375 0 0.2802734375 0
