2 0.958984375 0.2890625 0.9599609375 0.2734375 0.9638671875 0.265625 0.9658203125 0.28125 0.96484375 0.640625 0.962890625 0.640625 0.9619140625 0.6171875 0.9638671875 0.296875 0.9599609375 0.2890625
2 0.841797 0.375 0.84668 0.375 0.84668 0.601562 0.841797 0.601562
3 0.1240234375 0.5078125 0.12890625 0.5 0.130859375 0.515625 0.1279296875 0.5546875 0.1279296875 0.6015625 0.1279296875 0.5625 0.1240234375 0.53125 0.1240234375 0.515625
3 0.4111328125 0.5625 0.416015625 0.546875 0.421875 0.5546875 0.421875 0.5859375 0.416015625 0.609375 0.4169921875 0.6328125 0.412109375 0.609375 0.4111328125 0.5703125
2 0.404296875 0.359375 0.4052734375 0.3828125 0.4033203125 0.4609375 0.4072265625 0.5078125 0.4052734375 0.515625 0.4052734375 0.5625 0.3984375 0.5625 0.400390625 0.546875 0.3994140625 0.4921875 0.40234375 0.46875 0.404296875 0.3671875
3 0.6025390625 0.484375 0.6064453125 0.4921875 0.6064453125 0.515625 0.6044921875 0.5234375 0.60546875 0.5625 0.603515625 0.5703125 0.603515625 0.5859375 0.599609375 0.578125 0.6025390625 0.5625 0.6005859375 0.5546875 0.603515625 0.53125 0.6015625 0.5234375 0.6025390625 0.4921875
1 0.298828125 0.1484375 0.3056640625 0.171875 0.3046875 0.1953125 0.3076171875 0.234375 0.3583984375 0.234375 0.3681640625 0.265625 0.4169921875 0.2734375 0.4189453125 0.28125 0.41796875 0.296875 0.419921875 0.3125 0.4267578125 0.328125 0.4306640625 0.328125 0.4326171875 0.3125 0.443359375 0.3203125 0.4443359375 0.328125 0.439453125 0.3828125 0.439453125 0.421875 0.44140625 0.4296875 0.44140625 0.5078125 0.4384765625 0.515625 0.44140625 0.53125 0.4375 0.546875 0.4384765625 0.5859375 0.435546875 0.6171875 0.435546875 0.6484375 0.4326171875 0.640625 0.4326171875 0.6171875 0.4345703125 0.6015625 0.4326171875 0.546875 0.4345703125 0.5234375 0.4306640625 0.5078125 0.435546875 0.4609375 0.43359375 0.453125 0.435546875 0.359375 0.431640625 0.34375 0.4052734375 0.34375 0.396484375 0.328125 0.3955078125 0.3046875 0.3896484375 0.296875 0.380859375 0.296875 0.373046875 0.28125 0.341796875 0.2890625 0.3408203125 0.2734375 0.337890625 0.2734375 0.3359375 0.2578125 0.3212890625 0.25 0.302734375 0.25 0.30078125 0.28125 0.275390625 0.28125 0.2529296875 0.296875 0.2333984375 0.2890625 0.2275390625 0.265625 0.2177734375 0.265625 0.205078125 0.2734375 0.203125 0.296875 0.205078125 0.3359375 0.2041015625 0.375 0.2080078125 0.4140625 0.2060546875 0.4296875 0.2080078125 0.5 0.2080078125 0.5234375 0.2060546875 0.5390625 0.2060546875 0.625 0.2080078125 0.6328125 0.20703125 0.671875 0.2099609375 0.6875 0.2099609375 0.703125 0.2060546875 0.7265625 0.203125 0.7265625 0.2041015625 0.6875 0.2001953125 0.671875 0.2021484375 0.640625 0.2001953125 0.578125 0.201171875 0.5703125 0.19921875 0.5625 0.2001953125 0.5390625 0.1962890625 0.5078125 0.197265625 0.4765625 0.201171875 0.4609375 0.1982421875 0.4453125 0.19921875 0.421875 0.197265625 0.40625 0.2001953125 0.375 0.197265625 0.2578125 0.205078125 0.2421875 0.2216796875 0.25 0.2265625 0.2109375 0.2265625 0.1796875 0.2314453125 0.1640625 0.2705078125 0.140625 0.2978515625 0.1484375
2 0.255859375 0.296875 0.2587890625 0.296875 0.2578125 0.46875 0.259765625 0.4921875 0.26171875 0.4921875 0.26171875 0.515625 0.2587890625 0.5390625 0.2587890625 0.578125 0.2568359375 0.5703125 0.2568359375 0.53125 0.25390625 0.5234375 0.2548828125 0.46875 0.2568359375 0.4609375 0.255859375 0.3046875
3 0.5498046875 0.4296875 0.55078125 0.46875 0.5458984375 0.53125 0.546875 0.6015625 0.54296875 0.625 0.54296875 0.6640625 0.5419921875 0.640625 0.5439453125 0.578125 0.5419921875 0.546875 0.544921875 0.5234375 0.544921875 0.5078125 0.54296875 0.5 0.54296875 0.4453125 0.544921875 0.421875 0.548828125 0.4296875
1 0.607421875 0.4375 0.625 0.453125 0.625 0.515625 0.623046875 0.53125 0.6220703125 0.4609375 0.607421875 0.4453125
1 0.79296875 0.1796875 0.7958984375 0.1796875 0.806640625 0.234375 0.806640625 0.2578125 0.8095703125 0.2734375 0.806640625 0.3046875 0.806640625 0.4296875 0.810546875 0.4453125 0.810546875 0.4765625 0.806640625 0.484375 0.8037109375 0.5078125 0.8076171875 0.53125 0.806640625 0.609375 0.80859375 0.6328125 0.806640625 0.640625 0.8037109375 0.640625 0.8017578125 0.6171875 0.8017578125 0.5625 0.8037109375 0.515625 0.8017578125 0.5 0.8056640625 0.484375 0.802734375 0.4765625 0.80078125 0.4296875 0.80078125 0.3359375 0.798828125 0.3203125 0.80078125 0.2734375 0.798828125 0.25 0.798828125 0.2109375 0.7939453125 0.1796875
