2 0.3388671875 0.3359375 0.337890625 0.3515625 0.341796875 0.421875 0.3447265625 0.4296875 0.3466796875 0.453125 0.3466796875 0.46875 0.3447265625 0.4765625 0.34765625 0.5390625 0.345703125 0.53125 0.34375 0.4765625 0.33984375 0.4453125 0.3408203125 0.4140625 0.333984375 0.3046875 0.3349609375 0.28125 0.3447265625 0.265625 0.3447265625 0.28125 0.3388671875 0.28125 0.3349609375 0.296875 0.337890625 0.3359375
2 0.7587890625 0.3203125 0.759765625 0.3359375 0.75390625 0.3359375 0.7509765625 0.359375 0.7412109375 0.515625 0.740234375 0.5546875 0.7373046875 0.5703125 0.7509765625 0.3359375 0.7578125 0.3203125
2 0.8984375 0.4140625 0.900390625 0.4140625 0.900390625 0.4453125 0.888671875 0.671875 0.8857421875 0.71875 0.8837890625 0.7265625 0.8837890625 0.6953125 0.88671875 0.671875 0.8876953125 0.6171875 0.890625 0.609375 0.8994140625 0.4375 0.8984375 0.421875
2 0.1982421875 0.421875 0.2080078125 0.4296875 0.2138671875 0.5546875 0.2177734375 0.5703125 0.2216796875 0.6328125 0.220703125 0.65625 0.2177734375 0.65625 0.212890625 0.6171875 0.212890625 0.546875 0.2080078125 0.4453125 0.2060546875 0.4296875 0.1982421875 0.4296875
1 0.76171875 0.1875 0.767578125 0.203125 0.7802734375 0.1875 0.787109375 0.1953125 0.7744140625 0.390625 0.7724609375 0.4296875 0.7724609375 0.4765625 0.765625 0.484375 0.767578125 0.5 0.7724609375 0.4921875 0.771484375 0.5 0.7734375 0.5234375 0.7705078125 0.5234375 0.76171875 0.59375 0.755859375 0.5859375 0.759765625 0.546875 0.7578125 0.4921875 0.759765625 0.4765625 0.7626953125 0.4765625 0.765625 0.4453125 0.7646484375 0.4375 0.76953125 0.359375 0.7685546875 0.3515625 0.7724609375 0.3203125 0.7783203125 0.234375 0.7763671875 0.21875 0.7646484375 0.21875 0.7578125 0.2421875 0.7451171875 0.2578125 0.7080078125 0.265625 0.708984375 0.25 0.7138671875 0.25 0.728515625 0.203125 0.7607421875 0.1953125
3 0.59765625 0.3671875 0.599609375 0.3671875 0.5966796875 0.5 0.595703125 0.4453125 0.59765625 0.4140625 0.59765625 0.375
3 0.423828125 0.3671875 0.4296875 0.3671875 0.4287109375 0.421875 0.431640625 0.4296875 0.4326171875 0.46875 0.431640625 0.484375 0.4248046875 0.4609375 0.4248046875 0.4375 0.427734375 0.4140625 0.4248046875 0.40625 0.423828125 0.375
1 0.3974609375 0.3203125 0.4033203125 0.328125 0.40625 0.421875 0.4033203125 0.4140625 0.4033203125 0.3671875 0.400390625 0.3359375 0.3798828125 0.3359375 0.396484375 0.3203125
3 0.3193359375 0.484375 0.322265625 0.4921875 0.3232421875 0.546875 0.326171875 0.578125 0.3251953125 0.5859375 0.322265625 0.5390625 0.3203125 0.53125 0.3193359375 0.4921875
3 0.2626953125 0.5078125 0.267578125 0.515625 0.2666015625 0.5546875 0.271484375 0.6171875 0.2705078125 0.640625 0.2626953125 0.515625
2 0.095703125 0.59375 0.09765625 0.65625 0.099609375 0.671875 0.1025390625 0.65625 0.0986328125 0.734375 0.0986328125 0.7109375 0.095703125 0.6953125 0.095703125 0.6015625
3 0.0068359375 0.6796875 0.0068359375 0.703125 0.0048828125 0.7109375 0.0048828125 0.75 0.001953125 0.6875 0.005859375 0.6796875
1 0.171875 0.4609375 0.1767578125 0.4921875 0.19921875 0.4765625 0.1982421875 0.484375 0.2001953125 0.5 0.2001953125 0.53125 0.2060546875 0.59375 0.2060546875 0.7265625 0.2041015625 0.7265625 0.203125 0.703125 0.2021484375 0.6015625 0.19921875 0.5859375 0.2001953125 0.5703125 0.197265625 0.546875 0.1982421875 0.53125 0.193359375 0.5 0.181640625 0.5 0.177734375 0.5078125 0.17578125 0.53125 0.1640625 0.5390625 0.15625 0.5234375 0.1435546875 0.5234375 0.1328125 0.53125 0.126953125 0.5625 0.103515625 0.546875 0.1005859375 0.5546875 0.1005859375 0.5703125 0.0986328125 0.578125 0.087890625 0.5703125 0.0703125 0.5859375 0.06640625 0.5703125 0.05859375 0.5703125 0.0576171875 0.6875 0.0615234375 0.765625 0.060546875 0.8046875 0.05859375 0.796875 0.0546875 0.6953125 0.0546875 0.5703125 0.0654296875 0.5625 0.0673828125 0.546875 0.0673828125 0.515625 0.0693359375 0.5078125 0.0888671875 0.5 0.0947265625 0.4765625 0.1025390625 0.4765625 0.10546875 0.5234375 0.1044921875 0.53125 0.1083984375 0.5390625 0.1240234375 0.5078125 0.1298828125 0.5078125 0.1337890625 0.5234375 0.1552734375 0.5078125 0.1572265625 0.4765625 0.1708984375 0.4609375
