2 0.0693359375 0.3046875 0.0791015625 0.296875 0.0732421875 0.3046875 0.0693359375 0.3359375 0.0703125 0.3984375 0.068359375 0.5703125 0.0673828125 0.484375 0.0693359375 0.3125
2 0.2265625 0.3046875 0.2294921875 0.3125 0.2294921875 0.359375 0.2255859375 0.484375 0.2265625 0.515625 0.224609375 0.5390625 0.2236328125 0.609375 0.22265625 0.6015625 0.224609375 0.5234375 0.22265625 0.5078125 0.2255859375 0.4765625 0.228515625 0.359375 0.228515625 0.328125 0.2265625 0.3125
2 0.6279296875 0.3984375 0.630859375 0.375 0.6376953125 0.375 0.6318359375 0.3828125 0.6279296875 0.40625 0.6298828125 0.4375 0.62890625 0.53125 0.6318359375 0.5390625 0.62890625 0.6484375 0.62890625 0.59375 0.626953125 0.5546875 0.62890625 0.515625 0.6279296875 0.40625
2 0.4990234375 0.4140625 0.505859375 0.4140625 0.5078125 0.4296875 0.5068359375 0.546875 0.5087890625 0.5625 0.5087890625 0.59375 0.5048828125 0.6015625 0.5068359375 0.640625 0.50390625 0.6328125 0.5029296875 0.578125 0.505859375 0.546875 0.5068359375 0.4375 0.4990234375 0.421875
3 0.322265625 0.5390625 0.3232421875 0.5625 0.3212890625 0.5703125 0.3212890625 0.6015625 0.3193359375 0.5625 0.3193359375 0.546875 0.3212890625 0.5390625
1 0.1064453125 0.140625 0.1083984375 0.15625 0.1171875 0.15625 0.1435546875 0.1328125 0.140625 0.34375 0.1416015625 0.4609375 0.1396484375 0.4765625 0.142578125 0.484375 0.142578125 0.5 0.140625 0.5 0.140625 0.515625 0.13671875 0.53125 0.138671875 0.5625 0.138671875 0.703125 0.1357421875 0.734375 0.1318359375 0.7109375 0.130859375 0.6875 0.130859375 0.5546875 0.1328125 0.53125 0.1298828125 0.5078125 0.1318359375 0.5 0.1298828125 0.484375 0.1328125 0.46875 0.1318359375 0.4609375 0.1376953125 0.453125 0.13671875 0.4375 0.1298828125 0.421875 0.1318359375 0.421875 0.1337890625 0.3984375 0.1318359375 0.390625 0.1328125 0.359375 0.130859375 0.34375 0.1337890625 0.328125 0.1328125 0.296875 0.134765625 0.2734375 0.1337890625 0.171875 0.115234375 0.171875 0.1005859375 0.203125 0.0810546875 0.2109375 0.0751953125 0.234375 0.0673828125 0.21875 0.0595703125 0.25 0.02734375 0.265625 0.0419921875 0.2421875 0.0458984375 0.21875 0.046875 0.1953125 0.052734375 0.1796875 0.064453125 0.1640625 0.0654296875 0.1953125 0.068359375 0.203125 0.0732421875 0.1796875 0.072265625 0.1640625 0.0830078125 0.171875 0.0859375 0.15625 0.10546875 0.140625
2 0.40234375 0.4921875 0.4013671875 0.5546875 0.404296875 0.5625 0.400390625 0.6171875 0.3984375 0.5625 0.400390625 0.5546875 0.4013671875 0.5
3 0.6005859375 0.5625 0.603515625 0.578125 0.6015625 0.609375 0.6015625 0.671875 0.6015625 0.6328125 0.5986328125 0.609375 0.599609375 0.5703125
3 0.7138671875 0.4921875 0.7158203125 0.5 0.7158203125 0.59375 0.7119140625 0.59375 0.712890625 0.5546875 0.7109375 0.5390625 0.7109375 0.5 0.712890625 0.4921875
1 0.6806640625 0.4609375 0.6865234375 0.4609375 0.689453125 0.4453125 0.6982421875 0.4453125 0.703125 0.4609375 0.705078125 0.4921875 0.703125 0.5546875 0.7021484375 0.484375 0.7001953125 0.46875 0.681640625 0.4609375
3 0.9072265625 0.46875 0.9091796875 0.484375 0.91015625 0.6328125 0.9072265625 0.578125 0.9072265625 0.53125 0.9052734375 0.4921875 0.90625 0.4765625
1 0.4052734375 0.3984375 0.41015625 0.3984375 0.4052734375 0.40625 0.4072265625 0.421875 0.4072265625 0.4609375 0.4169921875 0.4609375 0.4228515625 0.4453125 0.4306640625 0.4453125 0.43359375 0.4609375 0.44921875 0.4609375 0.455078125 0.4375 0.466796875 0.4375 0.4697265625 0.46875 0.484375 0.46875 0.4873046875 0.484375 0.4873046875 0.578125 0.482421875 0.5625 0.4814453125 0.5390625 0.484375 0.53125 0.48046875 0.484375 0.46875 0.4765625 0.466796875 0.4921875 0.4541015625 0.4921875 0.4443359375 0.46875 0.4326171875 0.46875 0.4296875 0.484375 0.4072265625 0.46875 0.4033203125 0.4921875 0.37109375 0.484375 0.369140625 0.515625 0.3720703125 0.53125 0.369140625 0.578125 0.3662109375 0.578125 0.3642578125 0.5546875 0.3662109375 0.5234375 0.3662109375 0.4609375 0.3740234375 0.4609375 0.37890625 0.4140625 0.3994140625 0.4140625 0.404296875 0.3984375
