2 0.1064453125 0.2890625 0.115234375 0.3046875 0.1142578125 0.453125 0.111328125 0.4609375 0.1142578125 0.3984375 0.1142578125 0.3203125 0.1123046875 0.3046875 0.1064453125 0.296875
2 0.248046875 0.28125 0.2548828125 0.28125 0.2548828125 0.296875 0.24609375 0.296875 0.2431640625 0.328125 0.244140625 0.3515625 0.2421875 0.3671875 0.2412109375 0.421875 0.2412109375 0.4375 0.2431640625 0.4453125 0.2431640625 0.484375 0.240234375 0.4921875 0.2392578125 0.5546875 0.23828125 0.453125 0.2412109375 0.4140625 0.2431640625 0.3046875 0.2470703125 0.2890625
2 0.0048828125 0.3125 0.0146484375 0.3046875 0.0107421875 0.3203125 0.0048828125 0.3203125
2 0.8251953125 0.3203125 0.828125 0.3203125 0.8291015625 0.3359375 0.830078125 0.4609375 0.8330078125 0.5703125 0.8330078125 0.609375 0.83203125 0.6015625 0.8310546875 0.5234375 0.8291015625 0.515625 0.8310546875 0.5 0.8291015625 0.453125 0.828125 0.3359375 0.8251953125 0.328125
2 0.677734375 0.390625 0.6865234375 0.375 0.6865234375 0.390625 0.681640625 0.390625 0.6787109375 0.40625 0.6806640625 0.59375 0.6826171875 0.640625 0.6806640625 0.640625 0.6796875 0.625 0.677734375 0.3984375
2 0.0068359375 0.390625 0.0068359375 0.4453125 0.0107421875 0.4765625 0.0078125 0.5 0.0078125 0.5234375 0.0048828125 0.4921875 0.0048828125 0.46875 0.0068359375 0.4609375 0.005859375 0.3984375
3 0.154296875 0.4140625 0.158203125 0.4375 0.15625 0.46875 0.1552734375 0.5546875 0.15625 0.46875 0.1533203125 0.453125 0.154296875 0.421875
3 0.2099609375 0.4609375 0.212890625 0.46875 0.212890625 0.4921875 0.2099609375 0.5234375 0.2099609375 0.5703125 0.2099609375 0.515625 0.2080078125 0.5078125 0.2099609375 0.46875
3 0.326171875 0.4609375 0.3291015625 0.453125 0.3310546875 0.46875 0.330078125 0.5 0.3271484375 0.515625 0.330078125 0.5703125 0.3291015625 0.5859375 0.3232421875 0.578125 0.32421875 0.5703125 0.3212890625 0.546875 0.3271484375 0.515625 0.3251953125 0.5078125 0.326171875 0.46875
3 0.5244140625 0.53125 0.5244140625 0.59375 0.5263671875 0.6015625 0.5244140625 0.6171875 0.5234375 0.6875 0.5234375 0.5390625
3 0.9287109375 0.484375 0.9287109375 0.546875 0.927734375 0.515625 0.92578125 0.5078125 0.92578125 0.4921875 0.927734375 0.484375
1 0.9775390625 0.3203125 0.9990234375 0.3125 0.9990234375 0.3828125 0.97265625 0.390625 0.9716796875 0.40625 0.9736328125 0.421875 0.9736328125 0.4765625 0.9755859375 0.5078125 0.97265625 0.5234375 0.96875 0.4765625 0.9697265625 0.421875 0.966796875 0.3984375 0.966796875 0.375 0.9755859375 0.359375 0.978515625 0.328125
1 0.73828125 0.1953125 0.7421875 0.3671875 0.744140625 0.3984375 0.744140625 0.4453125 0.7509765625 0.4921875 0.7509765625 0.5234375 0.7470703125 0.546875 0.748046875 0.609375 0.751953125 0.6640625 0.751953125 0.6796875 0.7490234375 0.6953125 0.7490234375 0.734375 0.7451171875 0.734375 0.740234375 0.7109375 0.7431640625 0.6640625 0.7392578125 0.6328125 0.7412109375 0.6171875 0.7412109375 0.5546875 0.7373046875 0.5234375 0.7373046875 0.3515625 0.734375 0.2890625 0.734375 0.25 0.732421875 0.234375 0.7158203125 0.2421875 0.7060546875 0.2734375 0.6884765625 0.2890625 0.6826171875 0.3125 0.6728515625 0.3046875 0.671875 0.3203125 0.6650390625 0.34375 0.65625 0.3359375 0.6396484375 0.3515625 0.6455078125 0.3359375 0.65234375 0.3359375 0.65625 0.3125 0.6572265625 0.28125 0.66796875 0.2578125 0.6728515625 0.2578125 0.6748046875 0.28125 0.6787109375 0.2734375 0.6796875 0.25 0.6884765625 0.25 0.69140625 0.234375 0.7021484375 0.21875 0.716796875 0.2265625 0.7373046875 0.1953125
1 0.0712890625 0.3125 0.0712890625 0.328125 0.07421875 0.34375 0.091796875 0.34375 0.091796875 0.3671875 0.09375 0.375 0.0927734375 0.3984375 0.08984375 0.3984375 0.0869140625 0.359375 0.080078125 0.3515625 0.0732421875 0.3515625 0.068359375 0.375 0.0576171875 0.3671875 0.052734375 0.3515625 0.03515625 0.3515625 0.0302734375 0.375 0.01171875 0.359375 0.005859375 0.40625 0 0.390625 0 0.3359375 0.0107421875 0.3515625 0.021484375 0.3359375 0.052734375 0.34375 0.0546875 0.3203125 0.0703125 0.3125
