2 0.1416015625 0.359375 0.154296875 0.375 0.1494140625 0.3828125 0.1474609375 0.40625 0.1474609375 0.5078125 0.14453125 0.5390625 0.1435546875 0.5 0.1455078125 0.4921875 0.1474609375 0.3828125 0.1416015625 0.3671875
2 0.4775390625 0.3828125 0.4921875 0.375 0.4853515625 0.3984375 0.486328125 0.6171875 0.490234375 0.6328125 0.4853515625 0.625 0.484375 0.3984375 0.4775390625 0.390625
2 0.294921875 0.4453125 0.296875 0.4453125 0.2939453125 0.515625 0.294921875 0.5625 0.2919921875 0.578125 0.294921875 0.453125
3 0.158203125 0.4609375 0.16015625 0.46875 0.16015625 0.515625 0.162109375 0.5390625 0.16015625 0.53125 0.15625 0.5703125 0.15625 0.6484375 0.1533203125 0.7265625 0.150390625 0.7265625 0.150390625 0.6796875 0.15234375 0.671875 0.15234375 0.578125 0.154296875 0.5703125 0.15234375 0.546875 0.150390625 0.546875 0.1494140625 0.4765625 0.1572265625 0.4609375
3 0.3037109375 0.4765625 0.30859375 0.4765625 0.3115234375 0.4921875 0.30859375 0.515625 0.310546875 0.53125 0.3115234375 0.5234375 0.310546875 0.5703125 0.3134765625 0.59375 0.310546875 0.609375 0.310546875 0.6328125 0.3095703125 0.6171875 0.306640625 0.6484375 0.302734375 0.8671875 0.2998046875 0.875 0.30078125 0.890625 0.298828125 0.90625 0.298828125 0.953125 0.2939453125 0.9765625 0.2998046875 0.7890625 0.298828125 0.7734375 0.30078125 0.6796875 0.302734375 0.6484375 0.2998046875 0.6328125 0.2998046875 0.6015625 0.3037109375 0.484375
1 0.4384765625 0.453125 0.4404296875 0.453125 0.4404296875 0.53125 0.4423828125 0.546875 0.4423828125 0.578125 0.4404296875 0.5859375 0.4404296875 0.6484375 0.4423828125 0.6640625 0.4365234375 0.6171875 0.4365234375 0.6015625 0.4384765625 0.59375 0.4365234375 0.578125 0.4365234375 0.546875 0.4384765625 0.5390625 0.4384765625 0.484375 0.4228515625 0.484375 0.42578125 0.46875 0.4384765625 0.4609375
2 0.6005859375 0.390625 0.6103515625 0.390625 0.6123046875 0.40625 0.61328125 0.5234375 0.615234375 0.5546875 0.6142578125 0.59375 0.6162109375 0.609375 0.61328125 0.625 0.6123046875 0.6171875 0.61328125 0.5703125 0.611328125 0.5625 0.611328125 0.421875 0.6083984375 0.3984375 0.6005859375 0.3984375
1 0.265625 0.2421875 0.2705078125 0.2734375 0.2763671875 0.28125 0.271484375 0.2890625 0.2685546875 0.3203125 0.2685546875 0.4140625 0.2666015625 0.4296875 0.267578125 0.5234375 0.265625 0.578125 0.2626953125 0.5703125 0.26171875 0.546875 0.2626953125 0.4765625 0.2646484375 0.4609375 0.263671875 0.4140625 0.234375 0.3828125 0.236328125 0.3671875 0.236328125 0.3359375 0.23828125 0.3359375 0.240234375 0.34375 0.2412109375 0.375 0.2509765625 0.390625 0.2646484375 0.390625 0.267578125 0.3671875 0.2666015625 0.3515625 0.2685546875 0.296875 0.2666015625 0.265625 0.26171875 0.25 0.2646484375 0.2421875
2 0.3828125 0.46875 0.38671875 0.46875 0.38671875 0.5234375 0.384765625 0.5390625 0.3837890625 0.578125 0.3837890625 0.5 0.3857421875 0.4921875 0.3857421875 0.4765625 0.3837890625 0.46875
2 0.0654296875 0.34375 0.0703125 0.34375 0.06640625 0.34375 0.0634765625 0.359375 0.0634765625 0.390625 0.060546875 0.421875 0.060546875 0.4921875 0.060546875 0.3515625 0.064453125 0.34375
