2 0.8173828125 0 0.822265625 0 0.8232421875 0.015625 0.82421875 0 0.833984375 0 0.833984375 0.015625 0.8251953125 0.0234375 0.8203125 0.046875 0.8095703125 0.0390625 0.8095703125 0.0234375 0.8115234375 0.015625 0.8173828125 0.0078125
2 0.775390625 0.421875 0.7763671875 0.4609375 0.7724609375 0.578125 0.775390625 0.4296875
2 0.4287109375 0.296875 0.4541015625 0.296875 0.4453125 0.3046875 0.4423828125 0.3203125 0.4423828125 0.3515625 0.4453125 0.375 0.443359375 0.390625 0.4443359375 0.46875 0.4423828125 0.46875 0.4423828125 0.3984375 0.4404296875 0.3828125 0.44140625 0.3203125 0.4384765625 0.3046875 0.4287109375 0.3046875
3 0.49609375 0.453125 0.501953125 0.453125 0.5029296875 0.4765625 0.5029296875 0.4921875 0.498046875 0.515625 0.4990234375 0.5625 0.5009765625 0.5625 0.5 0.5859375 0.494140625 0.59375 0.498046875 0.5625 0.498046875 0.515625 0.4931640625 0.5 0.4931640625 0.46875 0.494140625 0.4765625 0.4951171875 0.4609375
1 0.4189453125 0.3359375 0.43359375 0.3359375 0.4365234375 0.3515625 0.4580078125 0.3515625 0.4599609375 0.390625 0.4599609375 0.46875 0.45703125 0.46875 0.4560546875 0.3984375 0.4541015625 0.3828125 0.4345703125 0.375 0.3955078125 0.390625 0.392578125 0.375 0.3916015625 0.3984375 0.3798828125 0.3984375 0.3662109375 0.390625 0.3642578125 0.375 0.3642578125 0.359375 0.3720703125 0.34375 0.4189453125 0.34375
2 0.8515625 0 0.85546875 0 0.85546875 0.0234375 0.8505859375 0.1015625 0.8505859375 0.140625 0.8486328125 0.15625 0.849609375 0.1875 0.84765625 0.1953125 0.8486328125 0.2109375 0.8466796875 0.2421875 0.84765625 0.2578125 0.845703125 0.265625 0.845703125 0.3046875 0.84375 0.3125 0.84375 0.375 0.841796875 0.390625 0.8427734375 0.4296875 0.83984375 0.453125 0.83984375 0.4921875 0.84375 0.5078125 0.8447265625 0.5 0.8408203125 0.546875 0.83984375 0.609375 0.8359375 0.6328125 0.8359375 0.65625 0.837890625 0.65625 0.837890625 0.7109375 0.8359375 0.7421875 0.8330078125 0.75 0.833984375 0.765625 0.8359375 0.765625 0.833984375 0.8359375 0.83203125 0.8203125 0.8310546875 0.8515625 0.82421875 0.8515625 0.82421875 0.8125 0.8271484375 0.7890625 0.826171875 0.765625 0.828125 0.7578125 0.82421875 0.7109375 0.822265625 0.71875 0.822265625 0.6875 0.8271484375 0.6640625 0.826171875 0.6484375 0.828125 0.6640625 0.8310546875 0.640625 0.8330078125 0.5625 0.83203125 0.515625 0.8359375 0.484375 0.8359375 0.4453125 0.841796875 0.28125 0.8408203125 0.265625 0.84375 0.21875 0.8447265625 0.15625 0.8466796875 0.1484375 0.8486328125 0.109375 0.8486328125 0.0703125 0.8505859375 0.0625 0.8515625 0.0078125
3 0.9873046875 0.4765625 0.9892578125 0.484375 0.9873046875 0.5390625 0.9873046875 0.5546875 0.9892578125 0.5625 0.9892578125 0.6015625 0.986328125 0.640625 0.986328125 0.6796875 0.98828125 0.6875 0.986328125 0.703125 0.984375 0.625 0.986328125 0.5859375 0.9853515625 0.5625 0.9873046875 0.53125 0.9873046875 0.484375
3 0.875 0.546875 0.8798828125 0.546875 0.8798828125 0.578125 0.876953125 0.59375 0.876953125 0.625 0.8798828125 0.640625 0.8779296875 0.640625 0.876953125 0.65625 0.8759765625 0.640625 0.8740234375 0.6484375 0.87109375 0.6328125 0.875 0.625 0.875 0.5546875
3 0.826171875 0.53125 0.8291015625 0.53125 0.8291015625 0.5546875 0.826171875 0.5703125 0.8251953125 0.609375 0.82421875 0.59375 0.826171875 0.5390625
3 0.05078125 0.53125 0.0556640625 0.5390625 0.0576171875 0.5546875 0.05859375 0.59375 0.056640625 0.625 0.052734375 0.6328125 0.052734375 0.75 0.0546875 0.7578125 0.0546875 0.78125 0.05859375 0.7890625 0.052734375 0.796875 0.0537109375 0.8125 0.0517578125 0.8203125 0.0546875 0.8359375 0.044921875 0.8359375 0.05078125 0.8125 0.048828125 0.734375 0.0478515625 0.5546875 0.0478515625 0.5390625 0.0498046875 0.5390625
3 0.0224609375 0.6015625 0.02734375 0.6015625 0.02734375 0.6171875 0.025390625 0.625 0.025390625 0.6796875 0.0224609375 0.609375
1 0.1015625 0.515625 0.103515625 0.53125 0.109375 0.5390625 0.107421875 0.625 0.10546875 0.546875 0.0791015625 0.546875 0.083984375 0.53125 0.091796875 0.5390625 0.0927734375 0.5234375 0.1005859375 0.515625
