2 0.5751953125 0.3984375 0.580078125 0.3984375 0.580078125 0.4140625 0.576171875 0.421875 0.583984375 0.5546875 0.5771484375 0.4453125 0.57421875 0.421875 0.5712890625 0.421875 0.57421875 0.40625
2 0.44140625 0.515625 0.4423828125 0.5 0.4482421875 0.5078125 0.4482421875 0.5234375 0.4462890625 0.53125 0.4521484375 0.6796875 0.4501953125 0.671875 0.4453125 0.5234375 0.4423828125 0.515625
2 0.3583984375 0.5390625 0.3642578125 0.546875 0.3662109375 0.6875 0.3642578125 0.6953125 0.36328125 0.5625 0.3583984375 0.546875
3 0.677734375 0.21875 0.6806640625 0.25 0.68359375 0.25 0.685546875 0.234375 0.685546875 0.25 0.6884765625 0.265625 0.6865234375 0.28125 0.6875 0.296875 0.6865234375 0.28125 0.6845703125 0.296875 0.6875 0.3203125 0.6865234375 0.3359375 0.6884765625 0.3515625 0.6884765625 0.375 0.6904296875 0.3828125 0.6904296875 0.359375 0.69140625 0.375 0.6923828125 0.3671875 0.689453125 0.3984375 0.689453125 0.4375 0.693359375 0.46875 0.6943359375 0.4609375 0.6953125 0.484375 0.6962890625 0.46875 0.6982421875 0.4765625 0.6982421875 0.5078125 0.7001953125 0.515625 0.6982421875 0.53125 0.6982421875 0.5546875 0.7001953125 0.5703125 0.6982421875 0.578125 0.7001953125 0.6015625 0.7001953125 0.6328125 0.701171875 0.640625 0.7021484375 0.625 0.7041015625 0.640625 0.705078125 0.6953125 0.70703125 0.6953125 0.7060546875 0.71875 0.7080078125 0.7265625 0.70703125 0.7421875 0.708984375 0.7578125 0.7099609375 0.75 0.7119140625 0.8125 0.71484375 0.8359375 0.7138671875 0.8515625 0.716796875 0.8515625 0.7197265625 0.8984375 0.7216796875 0.890625 0.720703125 0.8515625 0.7216796875 0.890625 0.7236328125 0.8671875 0.7216796875 0.9140625 0.7197265625 0.9140625 0.7197265625 0.9453125 0.72265625 0.9765625 0.7255859375 0.953125 0.7236328125 0.9765625 0.724609375 0.9921875 0.712890625 0.9921875 0.7109375 0.9765625 0.7119140625 0.9296875 0.7080078125 0.8984375 0.7080078125 0.8828125 0.7060546875 0.8828125 0.7060546875 0.8515625 0.703125 0.84375 0.7041015625 0.8203125 0.6982421875 0.7421875 0.693359375 0.6328125 0.6904296875 0.609375 0.69140625 0.59375 0.6884765625 0.5703125 0.6875 0.5859375 0.6884765625 0.546875 0.685546875 0.5 0.681640625 0.46875 0.6796875 0.484375 0.6767578125 0.4609375 0.673828125 0.4765625 0.666015625 0.4296875 0.6572265625 0.4375 0.6572265625 0.421875 0.654296875 0.421875 0.6533203125 0.40625 0.6552734375 0.3828125 0.66015625 0.390625 0.6611328125 0.375 0.6572265625 0.3515625 0.65625 0.3671875 0.650390625 0.3359375 0.6484375 0.34375 0.6484375 0.3203125 0.6611328125 0.3203125 0.6650390625 0.296875 0.6650390625 0.3203125 0.66796875 0.328125 0.6689453125 0.3671875 0.6708984375 0.3828125 0.6728515625 0.3359375 0.6728515625 0.390625 0.6708984375 0.40625 0.6748046875 0.421875 0.6728515625 0.4375 0.677734375 0.4375 0.6787109375 0.453125 0.6796875 0.421875 0.677734375 0.40625 0.6806640625 0.421875 0.681640625 0.375 0.677734375 0.359375 0.6748046875 0.3203125 0.67578125 0.3046875 0.6689453125 0.2734375 0.66796875 0.25 0.6689453125 0.234375 0.669921875 0.2421875 0.6748046875 0.2265625 0.673828125 0.2421875 0.67578125 0.25 0.6787109375 0.234375 0.677734375 0.2265625
3 0.244140625 0.65625 0.25 0.671875 0.2529296875 0.6640625 0.25390625 0.6796875 0.2548828125 0.671875 0.25390625 0.6875 0.255859375 0.7109375 0.2529296875 0.71875 0.251953125 0.7578125 0.2431640625 0.7578125 0.2431640625 0.8046875 0.2470703125 0.8046875 0.2470703125 0.828125 0.2412109375 0.8359375 0.236328125 0.890625 0.234375 0.875 0.236328125 0.8359375 0.234375 0.828125 0.23828125 0.8125 0.2392578125 0.765625 0.2314453125 0.7109375 0.232421875 0.6640625 0.234375 0.6796875 0.236328125 0.6640625 0.244140625 0.6640625
2 0.2294921875 0.234375 0.2314453125 0.2578125 0.25 0.2578125 0.2509765625 0.28125 0.244140625 0.2890625 0.2421875 0.2734375 0.228515625 0.2734375 0.2109375 0.6328125 0.2109375 0.6796875 0.2080078125 0.6953125 0.2021484375 0.8125 0.2001953125 0.8125 0.2021484375 0.765625 0.201171875 0.7421875 0.205078125 0.7109375 0.205078125 0.671875 0.2041015625 0.6640625 0.2021484375 0.6875 0.2021484375 0.6640625 0.205078125 0.625 0.2060546875 0.640625 0.2041015625 0.65625 0.2060546875 0.6640625 0.2080078125 0.6484375 0.212890625 0.5234375 0.2158203125 0.4921875 0.2158203125 0.4609375 0.21875 0.4375 0.2177734375 0.421875 0.2197265625 0.4140625 0.2255859375 0.28125 0.224609375 0.265625 0.2080078125 0.2734375 0.205078125 0.265625 0.205078125 0.25 0.2099609375 0.2421875 0.220703125 0.2578125 0.228515625 0.2421875
2 0.3095703125 0.5078125 0.3212890625 0.515625 0.3203125 0.53125 0.3154296875 0.53125 0.31640625 0.578125 0.314453125 0.6015625 0.314453125 0.640625 0.31640625 0.6953125 0.314453125 0.7109375 0.3125 0.7109375 0.3115234375 0.6953125 0.3134765625 0.640625 0.3095703125 0.6328125 0.3095703125 0.6171875 0.3125 0.6171875 0.314453125 0.59375 0.314453125 0.53125 0.3095703125 0.515625
3 0.4072265625 0.7421875 0.40625 0.7109375 0.408203125 0.6953125 0.4111328125 0.6953125 0.4111328125 0.734375 0.4130859375 0.7578125 0.4130859375 0.78125 0.41015625 0.78125 0.408203125 0.7421875
2 0.9580078125 0.078125 0.958984375 0.1015625 0.94921875 0.2734375 0.943359375 0.421875 0.9443359375 0.4296875 0.94140625 0.46875 0.9423828125 0.484375 0.9384765625 0.4921875 0.9404296875 0.4296875 0.95703125 0.0859375
2 0.6982421875 0.2109375 0.69921875 0.1953125 0.70703125 0.1953125 0.708984375 0.1796875 0.724609375 0.1796875 0.724609375 0.1953125 0.7158203125 0.1953125 0.712890625 0.2109375 0.716796875 0.234375 0.7177734375 0.2734375 0.7197265625 0.2890625 0.71875 0.3359375 0.720703125 0.3515625 0.720703125 0.390625 0.7236328125 0.4140625 0.7236328125 0.453125 0.7197265625 0.4296875 0.720703125 0.421875 0.71875 0.3828125 0.716796875 0.375 0.7177734375 0.359375 0.71484375 0.3125 0.7158203125 0.2890625 0.712890625 0.265625 0.712890625 0.25 0.71484375 0.2421875 0.7099609375 0.234375 0.7109375 0.21875 0.708984375 0.203125 0.69921875 0.2109375
1 0.625 0.4296875 0.6123046875 0.453125 0.6044921875 0.453125 0.6025390625 0.4765625 0.60546875 0.515625 0.6025390625 0.5078125 0.599609375 0.453125 0.6240234375 0.4296875
2 0.22168 0.453125 0.241211 0.453125 0.241211 0.65625 0.22168 0.65625
1 0.2255859375 0.5703125 0.259765625 0.578125 0.2734375 0.59375 0.2958984375 0.5859375 0.2978515625 0.6015625 0.314453125 0.609375 0.3134765625 0.6328125 0.306640625 0.6171875 0.2705078125 0.609375 0.2626953125 0.59375 0.2509765625 0.6015625 0.2451171875 0.5859375 0.2255859375 0.578125
1 0.4140625 0.578125 0.447265625 0.578125 0.4462890625 0.6484375 0.4443359375 0.640625 0.4453125 0.609375 0.44140625 0.5859375 0.421875 0.6015625 0.412109375 0.6015625 0.4140625 0.5859375
1 0.5048828125 0.421875 0.5078125 0.4453125 0.515625 0.453125 0.5146484375 0.4921875 0.5166015625 0.5234375 0.5224609375 0.5625 0.5205078125 0.59375 0.525390625 0.640625 0.5244140625 0.6484375 0.52734375 0.703125 0.52734375 0.7265625 0.5244140625 0.71875 0.5205078125 0.640625 0.5185546875 0.625 0.515625 0.625 0.5166015625 0.609375 0.5126953125 0.578125 0.509765625 0.5234375 0.5078125 0.5234375 0.505859375 0.546875 0.5087890625 0.6171875 0.50390625 0.5859375 0.501953125 0.5234375 0.5068359375 0.46875 0.5048828125 0.4296875
