2 0.724609375 0.3203125 0.7265625 0.328125 0.728515625 0.3671875 0.732421875 0.515625 0.7294921875 0.4609375 0.7265625 0.34375 0.7197265625 0.3359375 0.720703125 0.3203125 0.7236328125 0.3203125
2 0.9619140625 0.328125 0.97265625 0.328125 0.96875 0.3359375 0.966796875 0.359375 0.96484375 0.4765625 0.9638671875 0.4609375 0.966796875 0.34375 0.9619140625 0.3359375
1 0.0029296875 0.40625 0.0107421875 0.4140625 0.01171875 0.4609375 0.0087890625 0.4921875 0.009765625 0.4375 0.0078125 0.421875 0 0.421875 0.001953125 0.40625
3 0.1259765625 0.484375 0.123046875 0.53125 0.123046875 0.578125 0.1201171875 0.609375 0.1201171875 0.6640625 0.1181640625 0.6796875 0.1171875 0.734375 0.11328125 0.734375 0.1201171875 0.546875 0.1171875 0.53125 0.1171875 0.4921875 0.1201171875 0.5 0.1220703125 0.484375 0.125 0.484375
2 0.2568359375 0.3359375 0.2578125 0.359375 0.255859375 0.4375 0.25 0.6015625 0.251953125 0.6484375 0.2470703125 0.6640625 0.2568359375 0.34375
3 0.3056640625 0.59375 0.3076171875 0.59375 0.3056640625 0.625 0.3046875 0.71875 0.3037109375 0.6796875 0.3056640625 0.6015625
2 0.4267578125 0 0.4296875 0 0.4306640625 0.015625 0.4326171875 0 0.435546875 0 0.435546875 0.015625 0.4306640625 0.0390625 0.4306640625 0.078125 0.435546875 0.3203125 0.4345703125 0.34375 0.4365234375 0.390625 0.435546875 0.4375 0.4384765625 0.5546875 0.4375 0.59375 0.4404296875 0.625 0.4404296875 0.640625 0.4384765625 0.6484375 0.4384765625 0.6796875 0.443359375 0.9921875 0.4384765625 0.9921875 0.4365234375 0.9765625 0.4375 0.9609375 0.435546875 0.953125 0.435546875 0.90625 0.4375 0.8984375 0.4345703125 0.8671875 0.435546875 0.71875 0.43359375 0.703125 0.4345703125 0.6875 0.431640625 0.609375 0.431640625 0.4765625 0.43359375 0.453125 0.431640625 0.4375 0.4326171875 0.4140625 0.4296875 0.40625 0.4326171875 0.3828125 0.431640625 0.3359375 0.4296875 0.3359375 0.4306640625 0.2421875 0.4287109375 0.21875 0.4306640625 0.1953125 0.4287109375 0.1875 0.4287109375 0.078125 0.42578125 0.046875 0.419921875 0.078125 0.421875 0.09375 0.419921875 0.1171875 0.4072265625 0.1171875 0.408203125 0.0859375 0.4169921875 0.078125 0.42578125 0.0390625 0.4267578125 0.0078125
3 0.4970703125 0.59375 0.4990234375 0.6015625 0.498046875 0.65625 0.4970703125 0.625 0.4921875 0.609375 0.4931640625 0.59375 0.49609375 0.59375
1 0.4384765625 0.4609375 0.4521484375 0.4609375 0.4580078125 0.5 0.4833984375 0.5078125 0.4833984375 0.546875 0.486328125 0.6015625 0.486328125 0.6796875 0.484375 0.6796875 0.4853515625 0.6484375 0.482421875 0.6171875 0.4833984375 0.546875 0.4814453125 0.5234375 0.4560546875 0.5078125 0.453125 0.5234375 0.44921875 0.5234375 0.439453125 0.515625 0.4375 0.5 0.4267578125 0.515625 0.4072265625 0.5078125 0.4052734375 0.6953125 0.404296875 0.4921875 0.419921875 0.5 0.421875 0.484375 0.4326171875 0.484375 0.4384765625 0.46875
1 0.6484375 0.4296875 0.6513671875 0.4453125 0.6728515625 0.4453125 0.673828125 0.46875 0.6767578125 0.484375 0.6767578125 0.515625 0.6787109375 0.5234375 0.6767578125 0.5546875 0.6728515625 0.5390625 0.673828125 0.515625 0.6708984375 0.4609375 0.630859375 0.4609375 0.6298828125 0.4765625 0.6240234375 0.484375 0.615234375 0.4765625 0.6044921875 0.484375 0.6025390625 0.5 0.5849609375 0.4921875 0.564453125 0.515625 0.564453125 0.625 0.560546875 0.5 0.59375 0.4765625 0.5986328125 0.4609375 0.61328125 0.46875 0.6259765625 0.4453125 0.6474609375 0.4375
2 0.5673828125 0.3359375 0.5673828125 0.3515625 0.560546875 0.3515625 0.55859375 0.3671875 0.5625 0.4765625 0.5615234375 0.5 0.5595703125 0.4765625 0.556640625 0.34375 0.56640625 0.3359375
2 0.6748046875 0.296875 0.67578125 0.3125 0.669921875 0.3203125 0.673828125 0.4375 0.671875 0.4375 0.669921875 0.4140625 0.66796875 0.3203125 0.658203125 0.3125 0.6630859375 0.296875 0.673828125 0.296875
3 0.818359375 0.4375 0.8232421875 0.4375 0.8232421875 0.453125 0.8203125 0.46875 0.8212890625 0.4921875 0.818359375 0.4453125
1 0.79296875 0.3515625 0.796875 0.375 0.8310546875 0.375 0.83203125 0.390625 0.7939453125 0.3828125 0.78125 0.40625 0.779296875 0.3828125 0.7763671875 0.40625 0.7783203125 0.484375 0.7763671875 0.484375 0.7763671875 0.453125 0.7744140625 0.4296875 0.775390625 0.375 0.779296875 0.3515625 0.7919921875 0.3515625
2 0.830078125 0.28125 0.8330078125 0.28125 0.8349609375 0.296875 0.8330078125 0.3203125 0.833984375 0.4140625 0.8359375 0.5 0.83984375 0.578125 0.83984375 0.625 0.8359375 0.625 0.8359375 0.5078125 0.833984375 0.484375 0.8330078125 0.359375 0.830078125 0.2890625
2 0.890625 0.25 0.892578125 0.2578125 0.8935546875 0.3671875 0.8935546875 0.4453125 0.8916015625 0.453125 0.890625 0.2578125
1 0.9423828125 0.3046875 0.9443359375 0.3203125 0.9501953125 0.3125 0.9541015625 0.328125 0.9619140625 0.328125 0.9609375 0.4453125 0.9580078125 0.515625 0.9560546875 0.5078125 0.958984375 0.4296875 0.958984375 0.34375 0.9384765625 0.3671875 0.927734375 0.359375 0.923828125 0.375 0.9150390625 0.375 0.9130859375 0.359375 0.9033203125 0.3671875 0.900390625 0.3828125 0.900390625 0.4765625 0.8984375 0.46875 0.8974609375 0.4453125 0.8994140625 0.359375 0.916015625 0.3359375 0.92578125 0.34375 0.9287109375 0.3203125 0.935546875 0.328125 0.9365234375 0.3125 0.94140625 0.3046875
1 0.98046875 0.3984375 0.9990234375 0.3984375 0.9990234375 0.4140625 0.9833984375 0.4140625 0.9814453125 0.484375 0.98046875 0.40625
