2 0.0029296875 0.2421875 0.0146484375 0.25 0.013671875 0.265625 0.0048828125 0.2734375 0.01171875 0.515625 0.009765625 0.515625 0.0087890625 0.4921875 0.00390625 0.2890625 0.001953125 0.265625 0 0.265625 0.0029296875 0.25
2 0.2578125 0.265625 0.2587890625 0.2890625 0.255859375 0.4296875 0.25390625 0.4375 0.2578125 0.2734375
2 0.3193359375 0.3046875 0.3232421875 0.3203125 0.3193359375 0.328125 0.3134765625 0.5078125 0.306640625 0.5078125 0.310546875 0.5078125 0.3125 0.4921875 0.318359375 0.3359375 0.3154296875 0.3203125 0.318359375 0.3125
3 0.0234375 0.3671875 0.025390625 0.3828125 0.0283203125 0.3828125 0.0283203125 0.40625 0.025390625 0.421875 0.0283203125 0.453125 0.0263671875 0.4765625 0.0283203125 0.5078125 0.02734375 0.5234375 0.029296875 0.59375 0.025390625 0.59375 0.0263671875 0.578125 0.025390625 0.5390625 0.0234375 0.5234375 0.0234375 0.4921875 0.0205078125 0.46875 0.01953125 0.484375 0.017578125 0.484375 0.0185546875 0.4375 0.0224609375 0.4140625 0.0205078125 0.3984375 0.0205078125 0.375 0.0224609375 0.3671875
1 0.021484375 0.359375 0.02734375 0.3828125 0.056640625 0.375 0.0625 0.359375 0.07421875 0.375 0.078125 0.359375 0.0810546875 0.390625 0.0810546875 0.4296875 0.078125 0.4296875 0.078125 0.390625 0.07421875 0.375 0.0263671875 0.390625 0.0224609375 0.40625 0.013671875 0.3984375 0.0205078125 0.390625 0.021484375 0.3671875
1 0.0107421875 0.3046875 0.017578125 0.3046875 0.0126953125 0.3203125 0.01171875 0.359375 0.0146484375 0.3984375 0.013671875 0.4453125 0.01171875 0.421875 0.01171875 0.359375 0.009765625 0.3203125 0.0107421875 0.3125
1 0.1728515625 0.2890625 0.17578125 0.296875 0.1787109375 0.2734375 0.1875 0.2734375 0.189453125 0.296875 0.19921875 0.296875 0.19921875 0.3203125 0.216796875 0.3203125 0.2216796875 0.3515625 0.2197265625 0.390625 0.220703125 0.40625 0.216796875 0.390625 0.21875 0.375 0.2177734375 0.3671875 0.2109375 0.3359375 0.1953125 0.3359375 0.1904296875 0.3203125 0.181640625 0.328125 0.16796875 0.3046875 0.1630859375 0.3046875 0.1611328125 0.3359375 0.1640625 0.375 0.158203125 0.3828125 0.1572265625 0.359375 0.16015625 0.3203125 0.158203125 0.296875 0.1591796875 0.2890625 0.171875 0.2890625
2 0.8330078125 0.25 0.8349609375 0.265625 0.8447265625 0.546875 0.8466796875 0.5625 0.845703125 0.6015625 0.8427734375 0.578125 0.84375 0.5546875 0.8408203125 0.46875 0.8388671875 0.453125 0.8388671875 0.40625 0.8359375 0.359375 0.8330078125 0.2578125
1 0.9462890625 0.390625 0.9521484375 0.3671875 0.95703125 0.3671875 0.958984375 0.3828125 0.966796875 0.3828125 0.9697265625 0.3984375 0.97265625 0.4453125 0.9697265625 0.4453125 0.9697265625 0.421875 0.9677734375 0.40625 0.9580078125 0.4140625 0.947265625 0.3984375
2 0.490234375 0.0625 0.509765625 0.0703125 0.51171875 0.0546875 0.5146484375 0.0546875 0.5166015625 0.0703125 0.5439453125 0.0703125 0.5458984375 0.09375 0.537109375 0.109375 0.5302734375 0.0859375 0.5146484375 0.0859375 0.5126953125 0.1015625 0.5048828125 0.265625 0.5048828125 0.296875 0.5029296875 0.3125 0.5029296875 0.3515625 0.5009765625 0.359375 0.501953125 0.3828125 0.5 0.3984375 0.5009765625 0.40625 0.4990234375 0.421875 0.498046875 0.4921875 0.494140625 0.5625 0.494140625 0.6171875 0.490234375 0.6171875 0.4892578125 0.5859375 0.49609375 0.3984375 0.494140625 0.375 0.498046875 0.3359375 0.498046875 0.3046875 0.5029296875 0.2578125 0.5009765625 0.2265625 0.5048828125 0.1953125 0.5048828125 0.1640625 0.5078125 0.1328125 0.5087890625 0.09375 0.494140625 0.0859375 0.4912109375 0.1015625 0.484375 0.1015625 0.48046875 0.078125 0.484375 0.0625 0.4892578125 0.0625
1 0.3525390625 0.4140625 0.36328125 0.4140625 0.3681640625 0.4296875 0.3779296875 0.421875 0.3818359375 0.4375 0.3876953125 0.4375 0.38671875 0.4765625 0.384765625 0.4453125 0.380859375 0.4375 0.3583984375 0.4296875 0.3525390625 0.4296875 0.349609375 0.4453125 0.3505859375 0.4609375 0.34765625 0.46875 0.3486328125 0.421875 0.3515625 0.4140625
