2 0.537109375 0.4765625 0.5390625 0.484375 0.5361328125 0.5 0.5361328125 0.515625 0.5380859375 0.546875 0.5380859375 0.5859375 0.5400390625 0.6015625 0.541015625 0.671875 0.5390625 0.671875 0.53515625 0.4921875 0.53125 0.484375 0.5322265625 0.46875 0.5361328125 0.4765625
3 0.205078125 0.484375 0.2060546875 0.5078125 0.208984375 0.515625 0.208984375 0.59375 0.2060546875 0.6015625 0.203125 0.6328125 0.2060546875 0.640625 0.2060546875 0.6640625 0.203125 0.6640625 0.2001953125 0.703125 0.2021484375 0.6640625 0.197265625 0.6484375 0.2021484375 0.6328125 0.2021484375 0.609375 0.19921875 0.6015625 0.197265625 0.5625 0.205078125 0.4921875
3 0.6650390625 0.59375 0.669921875 0.5859375 0.6728515625 0.6015625 0.671875 0.6484375 0.673828125 0.6875 0.677734375 0.7109375 0.673828125 0.7578125 0.666015625 0.7578125 0.6689453125 0.734375 0.66796875 0.7109375 0.6728515625 0.6953125 0.6708984375 0.671875 0.6708984375 0.640625 0.666015625 0.625 0.6650390625 0.6015625
3 0.724609375 0.546875 0.7255859375 0.5859375 0.7236328125 0.578125 0.72265625 0.59375 0.728515625 0.640625 0.728515625 0.671875 0.7255859375 0.6640625 0.720703125 0.5859375 0.7158203125 0.578125 0.7158203125 0.5546875 0.7177734375 0.5390625 0.7236328125 0.546875
2 0.7587890625 0.328125 0.7705078125 0.3125 0.7705078125 0.359375 0.7802734375 0.53125 0.7802734375 0.546875 0.7783203125 0.546875 0.7685546875 0.34375 0.7666015625 0.328125 0.759765625 0.34375 0.7587890625 0.3359375
2 0.6806640625 0.4140625 0.6826171875 0.4140625 0.681640625 0.4375 0.6904296875 0.578125 0.6923828125 0.578125 0.6923828125 0.59375 0.689453125 0.5859375 0.6806640625 0.4453125 0.6806640625 0.421875
1 0.5986328125 0.4765625 0.6005859375 0.484375 0.6005859375 0.515625 0.5947265625 0.53125 0.59765625 0.59375 0.6025390625 0.609375 0.6025390625 0.6640625 0.599609375 0.671875 0.5947265625 0.609375 0.595703125 0.5859375 0.59375 0.515625 0.5966796875 0.5078125 0.59765625 0.484375
2 0.4267578125 0.2109375 0.43359375 0.2421875 0.439453125 0.25 0.44140625 0.234375 0.443359375 0.2578125 0.4521484375 0.28125 0.4560546875 0.2734375 0.458984375 0.2890625 0.4580078125 0.3046875 0.4521484375 0.3046875 0.44921875 0.28125 0.443359375 0.28125 0.4423828125 0.265625 0.44140625 0.2734375 0.4404296875 0.65625 0.4423828125 0.6640625 0.4423828125 0.6796875 0.4404296875 0.6875 0.439453125 0.71875 0.439453125 0.8203125 0.44140625 0.8671875 0.4404296875 0.875 0.4345703125 0.875 0.43359375 0.859375 0.4306640625 0.859375 0.43359375 0.8515625 0.4365234375 0.8125 0.435546875 0.7421875 0.4375 0.6484375 0.4375 0.4296875 0.439453125 0.359375 0.439453125 0.2734375 0.4345703125 0.25 0.419921875 0.2421875 0.419921875 0.21875 0.42578125 0.2109375
2 0.3447265625 0.4921875 0.353515625 0.5 0.34765625 0.515625 0.345703125 0.5859375 0.3447265625 0.5703125 0.3466796875 0.5078125 0.341796875 0.5 0.34375 0.4921875
3 0.3076171875 0.6484375 0.30859375 0.671875 0.3095703125 0.6484375 0.3232421875 0.6640625 0.3212890625 0.6796875 0.3212890625 0.703125 0.3173828125 0.7109375 0.3134765625 0.75 0.310546875 0.84375 0.30859375 0.84375 0.3076171875 0.8203125 0.3125 0.7265625 0.306640625 0.6953125 0.3076171875 0.65625
