2 0.14453125 0.3203125 0.1455078125 0.3046875 0.1572265625 0.3046875 0.1552734375 0.3203125 0.15625 0.546875 0.1533203125 0.53125 0.154296875 0.328125 0.1455078125 0.3203125
2 0.86328125 0.3203125 0.87890625 0.3515625 0.88671875 0.34375 0.88671875 0.359375 0.8896484375 0.375 0.888671875 0.40625 0.884765625 0.40625 0.8798828125 0.3671875 0.8681640625 0.34375 0.8671875 0.3515625 0.8701171875 0.5 0.8720703125 0.515625 0.8759765625 0.5078125 0.87890625 0.5234375 0.87890625 0.5546875 0.8740234375 0.5546875 0.8759765625 0.640625 0.873046875 0.640625 0.873046875 0.71875 0.87109375 0.7265625 0.8681640625 0.7109375 0.8681640625 0.640625 0.8662109375 0.6171875 0.8642578125 0.625 0.8642578125 0.59375 0.861328125 0.5390625 0.861328125 0.515625 0.865234375 0.5078125 0.8662109375 0.46875 0.8642578125 0.375 0.8662109375 0.3515625 0.86328125 0.328125
2 0.056640625 0.3515625 0.0595703125 0.3515625 0.0595703125 0.3671875 0.0576171875 0.375 0.060546875 0.5 0.0625 0.5234375 0.0654296875 0.515625 0.0654296875 0.53125 0.0546875 0.5390625 0.0576171875 0.5234375 0.0546875 0.515625 0.0546875 0.5 0.0576171875 0.5 0.0595703125 0.4765625 0.056640625 0.359375
2 0.8955078125 0.359375 0.896484375 0.34375 0.9013671875 0.34375 0.9052734375 0.359375 0.9013671875 0.375 0.9052734375 0.5703125 0.90234375 0.515625 0.900390625 0.3671875 0.896484375 0.359375
3 0.0390625 0.484375 0.044921875 0.5078125 0.0458984375 0.5 0.0419921875 0.5546875 0.044921875 0.6640625 0.0419921875 0.6640625 0.041015625 0.6875 0.0322265625 0.6875 0.0361328125 0.65625 0.03515625 0.6328125 0.0419921875 0.6328125 0.0419921875 0.5625 0.0400390625 0.5390625 0.037109375 0.53125 0.0361328125 0.5078125 0.0390625 0.4921875
3 0.0966796875 0.4765625 0.1025390625 0.4765625 0.1044921875 0.4921875 0.1044921875 0.53125 0.1005859375 0.53125 0.1005859375 0.5546875 0.103515625 0.5859375 0.1025390625 0.6328125 0.1005859375 0.6171875 0.099609375 0.5390625 0.09375 0.515625 0.095703125 0.484375
3 0.1591796875 0.46875 0.1630859375 0.4609375 0.1669921875 0.484375 0.1669921875 0.5078125 0.1640625 0.5234375 0.1650390625 0.546875 0.1630859375 0.5625 0.1611328125 0.546875 0.162109375 0.5234375 0.1591796875 0.515625 0.1591796875 0.4765625
3 0.6630859375 0.5546875 0.673828125 0.5625 0.6728515625 0.6015625 0.6689453125 0.6171875 0.66796875 0.6484375 0.6689453125 0.7421875 0.666015625 0.734375 0.666015625 0.625 0.662109375 0.6171875 0.6591796875 0.59375 0.6591796875 0.5625 0.66015625 0.578125 0.662109375 0.5625
2 0.7607421875 0.0859375 0.7724609375 0.109375 0.7763671875 0.109375 0.7783203125 0.09375 0.7802734375 0.1171875 0.80078125 0.1328125 0.80078125 0.15625 0.79296875 0.15625 0.7900390625 0.1328125 0.779296875 0.1328125 0.78125 0.203125 0.7802734375 0.2265625 0.7822265625 0.25 0.7822265625 0.3671875 0.7841796875 0.375 0.783203125 0.4453125 0.78515625 0.484375 0.7841796875 0.5078125 0.7861328125 0.6640625 0.7880859375 0.671875 0.787109375 0.7421875 0.7861328125 0.7265625 0.7841796875 0.7421875 0.783203125 0.7109375 0.77734375 0.1328125 0.7744140625 0.1171875 0.767578125 0.109375 0.7529296875 0.1171875 0.7529296875 0.0859375 0.759765625 0.0859375
1 0.9658203125 0.359375 0.9697265625 0.375 0.96875 0.3984375 0.962890625 0.4140625 0.9638671875 0.484375 0.9658203125 0.4921875 0.9658203125 0.53125 0.9677734375 0.5390625 0.9677734375 0.5625 0.966796875 0.5546875 0.96484375 0.5703125 0.962890625 0.5546875 0.962890625 0.484375 0.9609375 0.4296875 0.9609375 0.40625 0.9658203125 0.3671875
1 0.7099609375 0.5078125 0.7099609375 0.453125 0.705078125 0.4453125 0.705078125 0.421875 0.71875 0.4296875 0.71875 0.4453125 0.712890625 0.453125 0.712890625 0.5078125 0.7109375 0.5078125
