2 0.01171875 0.2109375 0.0126953125 0.2265625 0.0263671875 0.2265625 0.02734375 0.2421875 0.0244140625 0.25 0.013671875 0.234375 0.01171875 0.25 0.0048828125 0.5546875 0.0078125 0.5625 0.0068359375 0.6015625 0.0009765625 0.6015625 0 0.5703125 0.0009765625 0.578125 0.00390625 0.5546875 0.0048828125 0.453125 0.0107421875 0.2421875 0 0.2421875 0 0.2265625 0.0107421875 0.21875
2 0.4873046875 0.28125 0.4921875 0.296875 0.4892578125 0.3125 0.4892578125 0.3359375 0.498046875 0.6328125 0.4970703125 0.6640625 0.494140625 0.640625 0.494140625 0.59375 0.4912109375 0.578125 0.4931640625 0.5703125 0.4931640625 0.5390625 0.48828125 0.328125 0.486328125 0.3125 0.47265625 0.3203125 0.47265625 0.3046875 0.474609375 0.296875 0.4873046875 0.2890625
2 0.158203125 0.359375 0.16796875 0.375 0.16796875 0.390625 0.162109375 0.390625 0.16015625 0.5546875 0.1591796875 0.59375 0.1572265625 0.6015625 0.1552734375 0.59375 0.1552734375 0.578125 0.158203125 0.5625 0.1611328125 0.40625 0.1591796875 0.375 0.1552734375 0.375 0.1572265625 0.359375
1 0.048828125 0.359375 0.0810546875 0.390625 0.0849609375 0.390625 0.0869140625 0.3671875 0.08984375 0.3671875 0.0908203125 0.4140625 0.0859375 0.421875 0.083984375 0.3984375 0.0498046875 0.3828125 0.046875 0.484375 0.0498046875 0.5 0.048828125 0.53125 0.05078125 0.546875 0.05078125 0.59375 0.046875 0.5859375 0.0439453125 0.6171875 0.0439453125 0.640625 0.041015625 0.640625 0.0419921875 0.5859375 0.0400390625 0.578125 0.0400390625 0.5390625 0.04296875 0.53125 0.0478515625 0.3671875
3 0.134765625 0.53125 0.140625 0.53125 0.1416015625 0.5703125 0.14453125 0.5703125 0.1494140625 0.59375 0.1494140625 0.6328125 0.1435546875 0.6875 0.142578125 0.75 0.14453125 0.78125 0.1435546875 0.765625 0.142578125 0.7734375 0.1396484375 0.8671875 0.1416015625 0.8828125 0.1416015625 0.90625 0.13671875 0.90625 0.134765625 0.8984375 0.134765625 0.8828125 0.13671875 0.8671875 0.1357421875 0.8515625 0.1376953125 0.8203125 0.1396484375 0.6875 0.1318359375 0.640625 0.1337890625 0.6015625 0.138671875 0.5703125 0.134765625 0.5625 0.134765625 0.5390625
1 0.2021484375 0.3828125 0.205078125 0.3828125 0.2060546875 0.4140625 0.2119140625 0.4375 0.2119140625 0.5390625 0.2138671875 0.546875 0.2109375 0.640625 0.208984375 0.640625 0.20703125 0.5390625 0.2099609375 0.53125 0.2109375 0.453125 0.203125 0.4296875 0.201171875 0.4375 0.19921875 0.4140625 0.2021484375 0.390625
3 0.34765625 0.6640625 0.3486328125 0.6796875 0.3525390625 0.6640625 0.3544921875 0.6796875 0.3564453125 0.6640625 0.3583984375 0.6796875 0.361328125 0.7421875 0.361328125 0.78125 0.36328125 0.796875 0.3623046875 0.8203125 0.3662109375 0.859375 0.361328125 0.859375 0.3583984375 0.8984375 0.357421875 0.890625 0.359375 0.8828125 0.359375 0.8671875 0.3583984375 0.859375 0.35546875 0.875 0.35546875 0.9140625 0.353515625 0.9453125 0.3564453125 0.9921875 0.3486328125 0.9921875 0.3505859375 0.984375 0.3486328125 0.96875 0.3466796875 0.9765625 0.34765625 0.9453125 0.3447265625 0.8515625 0.34375 0.875 0.3427734375 0.8515625 0.3388671875 0.8359375 0.3369140625 0.84375 0.3349609375 0.8203125 0.328125 0.828125 0.3251953125 0.7890625 0.3232421875 0.8046875 0.3212890625 0.7890625 0.322265625 0.7421875 0.3251953125 0.7578125 0.3251953125 0.7265625 0.326171875 0.734375 0.3310546875 0.6953125 0.3349609375 0.703125 0.3359375 0.6796875 0.3369140625 0.6953125 0.3408203125 0.6796875 0.3447265625 0.6875 0.3466796875 0.671875
2 0.3935546875 0.4921875 0.3974609375 0.4921875 0.3955078125 0.515625 0.3955078125 0.6015625 0.3935546875 0.5
3 0.51171875 0.5390625 0.5205078125 0.5390625 0.5205078125 0.5703125 0.5224609375 0.5703125 0.5234375 0.59375 0.5234375 0.6171875 0.51953125 0.6328125 0.521484375 0.65625 0.5205078125 0.6875 0.5244140625 0.6875 0.5244140625 0.703125 0.5185546875 0.6875 0.5185546875 0.671875 0.5166015625 0.6640625 0.517578125 0.640625 0.51171875 0.59375 0.513671875 0.578125 0.51171875 0.546875
3 0.9482421875 0.4765625 0.9560546875 0.4765625 0.9560546875 0.5234375 0.958984375 0.5078125 0.958984375 0.5234375 0.9560546875 0.5390625 0.955078125 0.53125 0.9521484375 0.5703125 0.9501953125 0.5703125 0.947265625 0.546875 0.947265625 0.5234375 0.94921875 0.5078125 0.9482421875 0.484375
3 0.8994140625 0.4296875 0.904296875 0.4765625 0.904296875 0.4921875 0.90234375 0.5 0.904296875 0.5078125 0.904296875 0.5234375 0.8994140625 0.5234375 0.8994140625 0.5078125 0.9013671875 0.5 0.8974609375 0.4765625 0.8994140625 0.4375
