2 0.294921875 0.2734375 0.302734375 0.28125 0.3017578125 0.296875 0.298828125 0.296875 0.2978515625 0.3203125 0.302734375 0.4375 0.30859375 0.6875 0.3134765625 0.796875 0.3134765625 0.8203125 0.310546875 0.828125 0.3095703125 0.8046875 0.306640625 0.7890625 0.3076171875 0.7421875 0.2958984375 0.3125 0.2900390625 0.3046875 0.283203125 0.328125 0.2763671875 0.328125 0.2763671875 0.3046875 0.2783203125 0.296875 0.2900390625 0.296875 0.294921875 0.28125
2 0.9794921875 0.3828125 0.986328125 0.3828125 0.9912109375 0.3984375 0.9853515625 0.40625 0.9794921875 0.5703125 0.9755859375 0.578125 0.9755859375 0.5625 0.9794921875 0.53125 0.984375 0.4140625 0.9833984375 0.3984375 0.9794921875 0.390625
2 0.216796875 0.5625 0.22265625 0.5625 0.21875 0.5859375 0.21875 0.671875 0.216796875 0.5703125
2 0.3369140625 0.640625 0.337890625 0.65625 0.341796875 0.6484375 0.33984375 0.7265625 0.341796875 0.7421875 0.3447265625 0.7421875 0.3447265625 0.71875 0.3447265625 0.75 0.3466796875 0.765625 0.3466796875 0.8046875 0.341796875 0.8046875 0.33984375 0.828125 0.33984375 0.859375 0.3447265625 0.8828125 0.3427734375 0.90625 0.345703125 0.9453125 0.3486328125 0.9453125 0.349609375 0.96875 0.34765625 0.953125 0.3466796875 0.9765625 0.345703125 0.953125 0.3447265625 0.96875 0.3427734375 0.96875 0.345703125 0.9453125 0.33984375 0.9375 0.3369140625 0.890625 0.3330078125 0.890625 0.3349609375 0.8515625 0.3330078125 0.8203125 0.3291015625 0.8203125 0.3251953125 0.796875 0.3232421875 0.8046875 0.32421875 0.7578125 0.328125 0.734375 0.3232421875 0.71875 0.322265625 0.6953125 0.3203125 0.6953125 0.3203125 0.671875 0.3251953125 0.6484375 0.330078125 0.6640625 0.3359375 0.6640625 0.3369140625 0.6484375
1 0.890625 0.375 0.9130859375 0.3984375 0.9208984375 0.3828125 0.9208984375 0.4140625 0.9189453125 0.4296875 0.9150390625 0.40625 0.8916015625 0.390625 0.888671875 0.4453125 0.888671875 0.4609375 0.890625 0.46875 0.888671875 0.4921875 0.8896484375 0.53125 0.88671875 0.53125 0.8837890625 0.5625 0.8818359375 0.5625 0.8828125 0.4921875 0.88671875 0.4609375 0.890625 0.3828125
3 0.8115234375 0.453125 0.8134765625 0.4296875 0.818359375 0.4296875 0.818359375 0.453125 0.8154296875 0.46875 0.8154296875 0.4921875 0.8125 0.453125
3 0.9375 0.5703125 0.9453125 0.5859375 0.9462890625 0.5703125 0.9423828125 0.65625 0.9404296875 0.65625 0.93359375 0.703125 0.93359375 0.734375 0.9306640625 0.7421875 0.9267578125 0.78125 0.927734375 0.796875 0.92578125 0.8046875 0.92578125 0.828125 0.9248046875 0.8203125 0.9228515625 0.84375 0.9208984375 0.84375 0.9189453125 0.8125 0.9228515625 0.7890625 0.9228515625 0.7734375 0.9267578125 0.75 0.9306640625 0.6875 0.9326171875 0.6796875 0.931640625 0.6640625 0.9306640625 0.671875 0.931640625 0.65625 0.9287109375 0.6328125 0.9296875 0.6015625 0.9375 0.578125
3 0.9296875 0.53125 0.9296875 0.5625 0.9248046875 0.59375 0.9248046875 0.625 0.921875 0.65625 0.923828125 0.6875 0.9189453125 0.6796875 0.9228515625 0.6015625 0.919921875 0.546875 0.9228515625 0.5234375 0.9287109375 0.53125
2 0.853515625 0.25 0.8671875 0.2421875 0.8681640625 0.2578125 0.8779296875 0.265625 0.8671875 0.265625 0.865234375 0.28125 0.8603515625 0.4375 0.8583984375 0.4609375 0.8583984375 0.53125 0.8544921875 0.53125 0.8525390625 0.5078125 0.8564453125 0.4921875 0.8642578125 0.2734375 0.8623046875 0.2578125 0.853515625 0.2578125
2 0.16015625 0.453125 0.1572265625 0.703125 0.1572265625 0.671875 0.1552734375 0.65625 0.1572265625 0.6328125 0.158203125 0.4765625 0.15625 0.4609375 0.1591796875 0.4609375
1 0.0048828125 0.4140625 0.0078125 0.4140625 0.0078125 0.4375 0.009765625 0.453125 0.0185546875 0.4609375 0.015625 0.546875 0.0166015625 0.578125 0.01171875 0.6328125 0.0107421875 0.5703125 0.013671875 0.546875 0.0166015625 0.4765625 0.0107421875 0.4609375 0.0029296875 0.4609375 0.001953125 0.4453125 0.0048828125 0.421875
