2 0.5185546875 0.2421875 0.5224609375 0.2578125 0.52734375 0.25 0.529296875 0.265625 0.52734375 0.28125 0.5263671875 0.3203125 0.52734375 0.3515625 0.525390625 0.5859375 0.5224609375 0.5859375 0.525390625 0.390625 0.525390625 0.2734375 0.5146484375 0.265625 0.5146484375 0.25 0.517578125 0.25
2 0.85546875 0.359375 0.8564453125 0.375 0.8583984375 0.375 0.85546875 0.390625 0.8564453125 0.6171875 0.8544921875 0.6171875 0.85546875 0.390625 0.845703125 0.3828125 0.8544921875 0.3671875
2 0.6611328125 0.3984375 0.6640625 0.390625 0.669921875 0.40625 0.6650390625 0.4140625 0.6630859375 0.4375 0.6640625 0.515625 0.662109375 0.5390625 0.662109375 0.5703125 0.66015625 0.5625 0.6630859375 0.421875 0.6611328125 0.40625
2 0.7490234375 0.390625 0.751953125 0.390625 0.7529296875 0.40625 0.748046875 0.40625 0.74609375 0.421875 0.7451171875 0.5703125 0.7431640625 0.578125 0.7451171875 0.5078125 0.7451171875 0.3984375 0.748046875 0.3984375
2 0.2265625 0 0.2373046875 0 0.23828125 0.015625 0.2373046875 0.0390625 0.240234375 0.1484375 0.240234375 0.234375 0.2421875 0.265625 0.2412109375 0.296875 0.2431640625 0.46875 0.24609375 0.5 0.2529296875 0.5 0.251953125 0.53125 0.25 0.5390625 0.25390625 0.546875 0.25390625 0.578125 0.248046875 0.6015625 0.251953125 0.6328125 0.251953125 0.6640625 0.25 0.65625 0.24609375 0.6796875 0.25 0.703125 0.2470703125 0.7265625 0.2470703125 0.765625 0.2431640625 0.7734375 0.240234375 0.734375 0.2421875 0.703125 0.2421875 0.640625 0.240234375 0.6171875 0.2412109375 0.6015625 0.2392578125 0.546875 0.240234375 0.4765625 0.2373046875 0.328125 0.2373046875 0.2265625 0.2353515625 0.1796875 0.2353515625 0.0625 0.232421875 0.015625 0.2255859375 0.0234375 0.2265625 0.0078125
2 0.3017578125 0.3671875 0.314453125 0.3671875 0.314453125 0.3828125 0.30859375 0.390625 0.30859375 0.46875 0.310546875 0.53125 0.306640625 0.5390625 0.3056640625 0.578125 0.3037109375 0.5859375 0.3037109375 0.5546875 0.3056640625 0.53125 0.302734375 0.515625 0.302734375 0.5 0.30859375 0.484375 0.3076171875 0.390625 0.30078125 0.375
1 0.33984375 0.421875 0.33984375 0.4453125 0.32421875 0.4375 0.322265625 0.453125 0.32421875 0.5 0.32421875 0.5234375 0.322265625 0.5390625 0.3203125 0.5390625 0.3173828125 0.5078125 0.3173828125 0.4921875 0.3212890625 0.4765625 0.3212890625 0.4296875 0.3388671875 0.421875
1 0.3837890625 0.3828125 0.38671875 0.3828125 0.388671875 0.40625 0.396484375 0.40625 0.3974609375 0.390625 0.3994140625 0.40625 0.404296875 0.3984375 0.4052734375 0.46875 0.408203125 0.5 0.40625 0.5234375 0.4072265625 0.5390625 0.4033203125 0.53125 0.404296875 0.453125 0.40234375 0.4140625 0.3984375 0.40625 0.384765625 0.421875 0.3837890625 0.390625
2 0.3916015625 0.3515625 0.4052734375 0.359375 0.4052734375 0.375 0.3994140625 0.3828125 0.4013671875 0.4140625 0.400390625 0.5078125 0.3974609375 0.5078125 0.3974609375 0.3984375 0.3955078125 0.375 0.3916015625 0.375 0.3916015625 0.359375
1 0.8271484375 0.5 0.8271484375 0.4765625 0.8603515625 0.484375 0.8583984375 0.515625 0.8583984375 0.6015625 0.8564453125 0.609375 0.8564453125 0.5 0.828125 0.4921875
