2 0.708984375 0 0.7119140625 0 0.7109375 0.109375 0.71484375 0.5078125 0.71484375 0.6015625 0.712890625 0.609375 0.7109375 0.5625 0.7119140625 0.5234375 0.7099609375 0.484375 0.7099609375 0.203125 0.7080078125 0.1640625 0.708984375 0.09375 0.70703125 0.09375 0.708984375 0.0625 0.708984375 0.0078125
2 0.1162109375 0.265625 0.1201171875 0.2734375 0.12109375 0.296875 0.1181640625 0.3203125 0.1064453125 0.71875 0.103515625 0.7265625 0.103515625 0.6875 0.1103515625 0.515625 0.1142578125 0.3515625 0.1171875 0.3125 0.11328125 0.2890625 0.115234375 0.2734375
2 0.834961 0.289062 0.847656 0.289062 0.847656 0.46875 0.834961 0.46875
2 0.92578125 0.3515625 0.9345703125 0.3515625 0.9296875 0.421875 0.92578125 0.515625 0.9248046875 0.4921875 0.931640625 0.375 0.9306640625 0.359375 0.92578125 0.359375
2 0.03125 0.4140625 0.0380859375 0.421875 0.0380859375 0.4375 0.03125 0.4375 0.02734375 0.5078125 0.02734375 0.5546875 0.0234375 0.6015625 0.0224609375 0.5859375 0.029296875 0.453125 0.0283203125 0.421875 0.0302734375 0.421875
2 0.2216796875 0.609375 0.2236328125 0.6015625 0.2236328125 0.484375 0.23046875 0.4765625 0.23046875 0.4921875 0.224609375 0.5 0.224609375 0.6015625 0.2255859375 0.640625 0.228515625 0.6640625 0.2265625 0.671875 0.2255859375 0.65625 0.2255859375 0.6953125 0.22265625 0.6953125 0.22265625 0.671875 0.220703125 0.65625 0.2216796875 0.6171875
2 0.26171875 0.5078125 0.265625 0.5234375 0.265625 0.5703125 0.267578125 0.609375 0.267578125 0.65625 0.265625 0.65625 0.2646484375 0.6328125 0.2607421875 0.640625 0.2607421875 0.625 0.26171875 0.6328125 0.265625 0.609375 0.265625 0.5625 0.26171875 0.515625
3 0.2705078125 0.8828125 0.279296875 0.90625 0.2822265625 0.9375 0.28125 0.9609375 0.275390625 0.9765625 0.26953125 0.9765625 0.2607421875 0.953125 0.2568359375 0.9296875 0.2568359375 0.9140625 0.2607421875 0.890625 0.26953125 0.8828125
2 0.373046875 0.3359375 0.3603515625 0.3671875 0.3642578125 0.4765625 0.36328125 0.5 0.365234375 0.515625 0.3623046875 0.515625 0.361328125 0.5 0.3623046875 0.46875 0.357421875 0.4140625 0.3564453125 0.3671875 0.34375 0.3515625 0.361328125 0.3515625 0.3720703125 0.3359375
1 0.3642578125 0.5234375 0.3740234375 0.5234375 0.3603515625 0.5390625 0.3154296875 0.5546875 0.3134765625 0.5703125 0.31640625 0.6171875 0.3134765625 0.6171875 0.3125 0.546875 0.36328125 0.5234375
1 0.4541015625 0.421875 0.466796875 0.4296875 0.4560546875 0.4296875 0.453125 0.4453125 0.4345703125 0.4375 0.4267578125 0.453125 0.40234375 0.453125 0.3955078125 0.46875 0.3798828125 0.46875 0.376953125 0.484375 0.376953125 0.5078125 0.380859375 0.5390625 0.3798828125 0.5625 0.3818359375 0.578125 0.3798828125 0.5859375 0.3779296875 0.5703125 0.37890625 0.53125 0.375 0.5234375 0.3759765625 0.4921875 0.3740234375 0.4765625 0.3662109375 0.4765625 0.3623046875 0.4921875 0.361328125 0.46875 0.3876953125 0.4453125 0.4140625 0.4453125 0.4169921875 0.4296875 0.431640625 0.4375 0.453125 0.421875
2 0.47265625 0.3203125 0.46484375 0.34375 0.46484375 0.3671875 0.46875 0.4140625 0.4736328125 0.5234375 0.4736328125 0.5390625 0.4697265625 0.5703125 0.46875 0.4765625 0.46484375 0.3828125 0.462890625 0.3671875 0.462890625 0.328125 0.4716796875 0.3203125
