2 0.044921875 0.296875 0.046875 0.3125 0.0634765625 0.3125 0.0458984375 0.328125 0.046875 0.5390625 0.0498046875 0.71875 0.0498046875 0.734375 0.0478515625 0.7421875 0.044921875 0.4765625 0.044921875 0.328125 0.041015625 0.3203125 0.044921875 0.3046875
2 0.232421875 0.3046875 0.2392578125 0.3046875 0.2412109375 0.3203125 0.240234375 0.3359375 0.25 0.5859375 0.2490234375 0.6015625 0.2470703125 0.5859375 0.2392578125 0.3359375 0.236328125 0.3203125 0.232421875 0.328125 0.232421875 0.3125
2 0.37109375 0.3046875 0.3720703125 0.3203125 0.3662109375 0.3203125 0.3642578125 0.3359375 0.3662109375 0.4296875 0.3681640625 0.4375 0.369140625 0.46875 0.3681640625 0.5234375 0.3642578125 0.4921875 0.365234375 0.40625 0.36328125 0.3203125 0.3701171875 0.3046875
2 0.4189453125 0.3203125 0.4248046875 0.328125 0.42578125 0.4140625 0.4287109375 0.4375 0.42578125 0.484375 0.4248046875 0.453125 0.4228515625 0.4453125 0.4248046875 0.421875 0.4248046875 0.34375 0.4189453125 0.328125
2 0.6484375 0.375 0.654296875 0.375 0.6484375 0.3984375 0.646484375 0.4375 0.6474609375 0.46875 0.6455078125 0.4921875 0.646484375 0.515625 0.64453125 0.5390625 0.6435546875 0.4921875 0.646484375 0.484375 0.6455078125 0.453125 0.6484375 0.3828125
2 0.693359375 0.3671875 0.7001953125 0.375 0.69921875 0.421875 0.69921875 0.390625 0.693359375 0.375
2 0.1318359375 0.4609375 0.134765625 0.5859375 0.1328125 0.5703125 0.1318359375 0.484375 0.126953125 0.4765625 0.130859375 0.46875
2 0.0615234375 0.515625 0.0595703125 0.4921875 0.060546875 0.4765625 0.0673828125 0.484375 0.0625 0.4921875 0.0615234375 0.5078125
3 0.2158203125 0.625 0.21875 0.6328125 0.220703125 0.65625 0.220703125 0.7109375 0.2177734375 0.71875 0.2158203125 0.6953125 0.2119140625 0.6953125 0.2109375 0.65625 0.212890625 0.6328125 0.21484375 0.6328125
1 0.537109375 0.359375 0.5556640625 0.3671875 0.55859375 0.4375 0.5576171875 0.484375 0.5537109375 0.3828125 0.494140625 0.375 0.4951171875 0.359375 0.5361328125 0.359375
1 0.5390625 0.2265625 0.546875 0.234375 0.5478515625 0.2578125 0.5927734375 0.2734375 0.5947265625 0.25 0.60546875 0.25 0.607421875 0.28125 0.623046875 0.28125 0.62890625 0.296875 0.64453125 0.3046875 0.654296875 0.3046875 0.6572265625 0.2890625 0.66796875 0.328125 0.6884765625 0.3515625 0.689453125 0.3671875 0.6875 0.375 0.6865234375 0.4609375 0.6826171875 0.578125 0.6806640625 0.578125 0.6796875 0.53125 0.6826171875 0.4375 0.6845703125 0.4296875 0.685546875 0.375 0.6787109375 0.3515625 0.666015625 0.3359375 0.6572265625 0.34375 0.6494140625 0.3203125 0.638671875 0.3125 0.6201171875 0.3125 0.6142578125 0.296875 0.6015625 0.296875 0.59765625 0.3125 0.5947265625 0.28125 0.5908203125 0.2890625 0.546875 0.265625 0.544921875 0.2890625 0.533203125 0.2890625 0.5322265625 0.2734375 0.494140625 0.28125 0.4951171875 0.265625 0.52734375 0.265625 0.5380859375 0.234375
1 0.65234375 0.4296875 0.67578125 0.4375 0.673828125 0.53125 0.671875 0.53125 0.673828125 0.4609375 0.671875 0.4453125 0.65625 0.4375 0.6533203125 0.453125 0.6552734375 0.5 0.65234375 0.5390625 0.65234375 0.4375
2 0.685546875 0.359375 0.69140625 0.1953125 0.7109375 0.203125 0.7109375 0.21875 0.693359375 0.2109375 0.6884765625 0.34375 0.6865234375 0.359375
2 0.5205078125 0.0703125 0.51953125 0.0859375 0.498046875 0.109375 0.494140625 0.140625 0.4951171875 0.2265625 0.4931640625 0.265625 0.4912109375 0.5859375 0.4912109375 0.2109375 0.4873046875 0.1875 0.4873046875 0.1640625 0.4892578125 0.1640625 0.4921875 0.125 0.4736328125 0.125 0.4697265625 0.1171875 0.46875 0.1015625 0.486328125 0.109375 0.5107421875 0.0703125 0.51953125 0.0703125
