2 0.0136719 0.210938 0.03125 0.210938 0.03125 0.445312 0.0136719 0.445312
2 0.8857421875 0.2109375 0.884765625 0.234375 0.8916015625 0.4296875 0.890625 0.4453125 0.888671875 0.421875 0.8837890625 0.2265625 0.875 0.21875 0.8759765625 0.203125 0.884765625 0.2109375
2 0.0986328125 0.2734375 0.1044921875 0.2890625 0.10546875 0.3046875 0.099609375 0.3984375 0.099609375 0.4453125 0.0966796875 0.4765625 0.0908203125 0.5 0.0908203125 0.4609375 0.095703125 0.453125 0.0947265625 0.4140625 0.099609375 0.390625 0.103515625 0.3125 0.0986328125 0.28125
2 0.3759765625 0.546875 0.3828125 0.5390625 0.3828125 0.5546875 0.3779296875 0.5546875 0.3759765625 0.5703125 0.3740234375 0.6640625 0.3701171875 0.6875 0.3759765625 0.5546875
2 0.4365234375 0.5390625 0.44140625 0.5390625 0.4453125 0.5546875 0.4443359375 0.65625 0.447265625 0.6953125 0.4453125 0.71875 0.4453125 0.75 0.443359375 0.75 0.443359375 0.71875 0.44140625 0.6953125 0.4443359375 0.65625 0.4443359375 0.5625 0.4365234375 0.546875
1 0.087890625 0 0.115234375 0.0078125 0.1083984375 0.03125 0.1015625 0.03125 0.0927734375 0.0625 0.0830078125 0.1796875 0.076171875 0.3125 0.0751953125 0.375 0.0703125 0.453125 0.056640625 0.7890625 0.052734375 0.7890625 0.052734375 0.7421875 0.056640625 0.6640625 0.056640625 0.6171875 0.0625 0.5234375 0.0673828125 0.375 0.0732421875 0.2734375 0.0732421875 0.2421875 0.087890625 0.0078125
2 0.158203125 0.515625 0.1689453125 0.34375 0.1748046875 0.3046875 0.181640625 0.3046875 0.18359375 0.3203125 0.1826171875 0.3359375 0.17578125 0.3359375 0.169921875 0.390625 0.1630859375 0.515625 0.1611328125 0.53125 0.1591796875 0.5234375
1 0.203125 0.421875 0.21484375 0.4375 0.236328125 0.4375 0.2529296875 0.46875 0.2646484375 0.4765625 0.267578125 0.4921875 0.267578125 0.515625 0.265625 0.53125 0.265625 0.5625 0.26171875 0.625 0.2587890625 0.609375 0.2626953125 0.515625 0.26171875 0.5078125 0.2353515625 0.46875 0.2138671875 0.46875 0.177734375 0.4375 0.177734375 0.40625 0.2021484375 0.421875
2 0.259765625 0.3671875 0.28515625 0.3984375 0.2841796875 0.421875 0.2734375 0.421875 0.2685546875 0.4921875 0.2666015625 0.5 0.2646484375 0.4921875 0.2646484375 0.46875 0.2685546875 0.421875 0.259765625 0.3984375 0.259765625 0.375
3 0.3857421875 0.703125 0.3896484375 0.7109375 0.3896484375 0.734375 0.38671875 0.765625 0.3857421875 0.7109375
3 0.396484375 0.6484375 0.3984375 0.7109375 0.3955078125 0.71875 0.3955078125 0.75 0.3935546875 0.7578125 0.39453125 0.71875 0.392578125 0.7109375 0.392578125 0.6875 0.3955078125 0.65625
1 0.3935546875 0.59375 0.4140625 0.625 0.4130859375 0.671875 0.4169921875 0.71875 0.4150390625 0.734375 0.4150390625 0.71875 0.4130859375 0.7109375 0.4111328125 0.7421875 0.4111328125 0.6328125 0.40234375 0.640625 0.392578125 0.625 0.375 0.625 0.3759765625 0.59375 0.392578125 0.59375
1 0.412109375 0 0.4453125 0.0078125 0.462890625 0.09375 0.4775390625 0.2109375 0.4794921875 0.203125 0.4794921875 0.1796875 0.4814453125 0.1640625 0.486328125 0.1640625 0.4921875 0.21875 0.4931640625 0.2578125 0.4912109375 0.28125 0.5009765625 0.3515625 0.5068359375 0.4140625 0.5068359375 0.3203125 0.5087890625 0.3046875 0.5107421875 0.3125 0.5166015625 0.6171875 0.51953125 0.65625 0.5205078125 0.765625 0.5224609375 0.796875 0.5224609375 0.859375 0.5205078125 0.875 0.5185546875 0.8671875 0.515625 0.671875 0.5126953125 0.625 0.5126953125 0.578125 0.509765625 0.4921875 0.5078125 0.4921875 0.4970703125 0.4140625 0.4912109375 0.390625 0.4677734375 0.2421875 0.4453125 0.140625 0.4365234375 0.0859375 0.4130859375 0.0234375 0.412109375 0.0078125
2 0.75 0.296875 0.7412109375 0.3125 0.740234375 0.328125 0.75390625 0.5546875 0.751953125 0.546875 0.7490234375 0.5 0.7392578125 0.3203125 0.736328125 0.3203125 0.736328125 0.3046875 0.73828125 0.296875 0.7490234375 0.296875
