2 0.658203125 0.2265625 0.66796875 0.234375 0.6669921875 0.3671875 0.6689453125 0.3828125 0.6669921875 0.3984375 0.666015625 0.4375 0.6630859375 0.390625 0.666015625 0.34375 0.6669921875 0.25 0.6640625 0.234375 0.658203125 0.234375
2 0.599609375 0.2421875 0.6005859375 0.2578125 0.5966796875 0.2578125 0.59375 0.2734375 0.595703125 0.3828125 0.59375 0.3984375 0.5927734375 0.2578125 0.5986328125 0.25
2 0.978515625 0.4140625 0.98046875 0.4296875 0.9873046875 0.4296875 0.98828125 0.4453125 0.978515625 0.4375 0.9765625 0.453125 0.96484375 0.6640625 0.962890625 0.671875 0.962890625 0.65625 0.9765625 0.4375 0.9755859375 0.421875 0.9775390625 0.421875
2 0.3134765625 0.4609375 0.318359375 0.5546875 0.3232421875 0.59375 0.322265625 0.6796875 0.3173828125 0.6484375 0.3203125 0.625 0.31640625 0.59375 0.318359375 0.578125 0.3134765625 0.4765625 0.3056640625 0.46875 0.306640625 0.453125 0.3125 0.4609375
2 0.2421875 0.65625 0.2421875 0.7265625 0.2373046875 0.6875 0.2373046875 0.609375 0.2333984375 0.5 0.23828125 0.484375 0.2431640625 0.484375 0.2353515625 0.5078125 0.23828125 0.6171875 0.2412109375 0.65625
2 0.1064453125 0.5 0.11328125 0.5078125 0.111328125 0.5625 0.1103515625 0.7421875 0.1083984375 0.734375 0.111328125 0.5234375 0.103515625 0.515625 0.10546875 0.5
2 0.0439453125 0.703125 0.0498046875 0.7109375 0.0498046875 0.734375 0.0439453125 0.765625 0.041015625 0.7421875 0.041015625 0.71875 0.04296875 0.7109375
1 0.3046875 0 0.306640625 0 0.2900390625 0.125 0.279296875 0.2734375 0.28125 0.3359375 0.2890625 0.46875 0.2880859375 0.4765625 0.2900390625 0.4921875 0.2900390625 0.53125 0.2919921875 0.546875 0.287109375 0.5859375 0.2939453125 0.609375 0.29296875 0.625 0.2978515625 0.65625 0.29296875 0.6875 0.28125 0.59375 0.2841796875 0.5859375 0.2822265625 0.5625 0.2841796875 0.546875 0.2841796875 0.5234375 0.2822265625 0.5078125 0.28125 0.453125 0.275390625 0.359375 0.2744140625 0.3125 0.2705078125 0.265625 0.2705078125 0.234375 0.2685546875 0.21875 0.26953125 0.1953125 0.265625 0.1796875 0.2666015625 0.1640625 0.2646484375 0.1328125 0.2607421875 0.109375 0.2607421875 0.09375 0.2666015625 0.09375 0.267578125 0.1171875 0.265625 0.1328125 0.2734375 0.1796875 0.2763671875 0.1796875 0.279296875 0.1171875 0.283203125 0.0859375 0.283203125 0.0625 0.2861328125 0.046875 0.2861328125 0.0234375 0.291015625 0 0.3037109375 0
3 0.4873046875 0.4609375 0.4931640625 0.4609375 0.4951171875 0.4921875 0.4912109375 0.515625 0.490234375 0.5 0.48828125 0.5078125 0.4853515625 0.484375 0.486328125 0.46875
2 0.375977 0.335938 0.389648 0.335938 0.389648 0.585938 0.375977 0.585938
1 0.48046875 0.3359375 0.4892578125 0.46875 0.48828125 0.4921875 0.484375 0.4765625 0.4775390625 0.3671875 0.462890625 0.375 0.4599609375 0.390625 0.4443359375 0.390625 0.427734375 0.4140625 0.4248046875 0.4296875 0.4091796875 0.4375 0.40625 0.453125 0.3916015625 0.4453125 0.392578125 0.421875 0.41796875 0.40625 0.443359375 0.359375 0.458984375 0.359375 0.462890625 0.34375 0.4794921875 0.3359375
2 0.4775390625 0.34375 0.4736328125 0.265625 0.458984375 0.2734375 0.4580078125 0.25 0.4658203125 0.234375 0.484375 0.2265625 0.4873046875 0.2265625 0.48828125 0.25 0.484375 0.265625 0.478515625 0.265625 0.478515625 0.2890625 0.4814453125 0.3125 0.4814453125 0.3359375 0.478515625 0.34375
3 0.609375 0.40625 0.6142578125 0.40625 0.6142578125 0.4609375 0.6123046875 0.4609375 0.609375 0.4140625
1 0.6337890625 0.296875 0.6357421875 0.3046875 0.634765625 0.34375 0.63671875 0.375 0.634765625 0.4296875 0.6328125 0.3984375 0.6328125 0.328125 0.5986328125 0.328125 0.5966796875 0.3125 0.599609375 0.2890625 0.6328125 0.296875
1 0.71875 0 0.7314453125 0 0.74609375 0.1328125 0.7509765625 0.0390625 0.7529296875 0.0234375 0.755859375 0.0390625 0.751953125 0.0859375 0.7470703125 0.234375 0.7373046875 0.421875 0.7373046875 0.4921875 0.7314453125 0.5859375 0.7294921875 0.59375 0.7275390625 0.5703125 0.7333984375 0.484375 0.734375 0.390625 0.7421875 0.2265625 0.7314453125 0.15625 0.71875 0.0234375 0.71875 0.0078125
