2 0.9130859375 0.265625 0.9140625 0.28125 0.9248046875 0.2734375 0.9248046875 0.2890625 0.9130859375 0.296875 0.9130859375 0.4921875 0.916015625 0.5078125 0.9150390625 0.5234375 0.9140625 0.5078125 0.9130859375 0.515625 0.9130859375 0.5546875 0.9150390625 0.578125 0.91796875 0.5625 0.9189453125 0.6015625 0.9111328125 0.6015625 0.91015625 0.5859375 0.912109375 0.5859375 0.912109375 0.296875 0.91015625 0.2890625 0.912109375 0.2734375
2 0.0673828125 0.3046875 0.068359375 0.2890625 0.0791015625 0.3046875 0.0771484375 0.328125 0.0751953125 0.5703125 0.0732421875 0.5703125 0.0732421875 0.5078125 0.076171875 0.3203125 0.0732421875 0.3046875 0.068359375 0.3046875
2 0.2177734375 0.515625 0.216796875 0.5703125 0.2138671875 0.609375 0.2119140625 0.609375 0.212890625 0.5859375 0.2109375 0.5546875 0.21484375 0.5 0.216796875 0.3828125 0.21875 0.359375 0.228515625 0.3671875 0.2197265625 0.375 0.2177734375 0.390625 0.2158203125 0.5 0.216796875 0.515625
2 0.2900390625 0.40625 0.296875 0.421875 0.2958984375 0.5390625 0.302734375 0.5625 0.2978515625 0.5703125 0.2958984375 0.5859375 0.2998046875 0.59375 0.2978515625 0.640625 0.2939453125 0.6015625 0.29296875 0.609375 0.29296875 0.5703125 0.291015625 0.546875 0.294921875 0.515625 0.2958984375 0.4375 0.2900390625 0.4140625
2 0.6083984375 0.4140625 0.6162109375 0.4140625 0.6181640625 0.5234375 0.62109375 0.546875 0.619140625 0.6015625 0.6162109375 0.5625 0.6162109375 0.4453125 0.6142578125 0.421875 0.6083984375 0.421875
2 0.5546875 0.5703125 0.5546875 0.453125 0.560546875 0.4375 0.560546875 0.453125 0.5576171875 0.453125 0.5556640625 0.46875 0.556640625 0.5625 0.5546875 0.578125
3 0.46484375 0.59375 0.466796875 0.625 0.4638671875 0.640625 0.458984375 0.625 0.4609375 0.59375 0.4638671875 0.59375
3 0.265625 0.5234375 0.26953125 0.53125 0.267578125 0.609375 0.265625 0.609375 0.2646484375 0.578125 0.265625 0.53125
3 0.578125 0.5546875 0.5791015625 0.578125 0.5771484375 0.59375 0.5771484375 0.6171875 0.576171875 0.625 0.576171875 0.59375 0.5732421875 0.578125 0.5712890625 0.609375 0.572265625 0.6328125 0.5703125 0.625 0.568359375 0.5859375 0.572265625 0.5859375 0.5751953125 0.53125 0.5771484375 0.5546875
1 0.5908203125 0.6015625 0.587890625 0.5234375 0.57421875 0.5078125 0.5595703125 0.515625 0.5595703125 0.484375 0.568359375 0.4765625 0.58984375 0.4921875 0.5927734375 0.5546875 0.591796875 0.6015625
1 0.3876953125 0.46875 0.45703125 0.4765625 0.458984375 0.4921875 0.4599609375 0.53125 0.4599609375 0.609375 0.45703125 0.609375 0.4560546875 0.59375 0.4560546875 0.5390625 0.4541015625 0.5078125 0.3876953125 0.5 0.3857421875 0.5234375 0.38671875 0.578125 0.3837890625 0.609375 0.3828125 0.4765625 0.38671875 0.46875
2 0.453125 0.3828125 0.4697265625 0.390625 0.46875 0.421875 0.4599609375 0.4296875 0.4609375 0.46875 0.458984375 0.484375 0.45703125 0.4765625 0.45703125 0.4453125 0.455078125 0.421875 0.4453125 0.40625 0.4462890625 0.375 0.4521484375 0.3828125
1 0.51953125 0.125 0.525390625 0.171875 0.5419921875 0.1640625 0.55078125 0.1953125 0.5693359375 0.21875 0.5966796875 0.2421875 0.609375 0.234375 0.6142578125 0.28125 0.638671875 0.3046875 0.6591796875 0.359375 0.6640625 0.4375 0.6650390625 0.5078125 0.6689453125 0.6015625 0.66796875 0.671875 0.662109375 0.6640625 0.65625 0.453125 0.65234375 0.40625 0.6328125 0.359375 0.6142578125 0.34375 0.6103515625 0.3203125 0.6064453125 0.328125 0.603515625 0.3046875 0.5693359375 0.28125 0.5498046875 0.2578125 0.541015625 0.2265625 0.52734375 0.234375 0.5244140625 0.21875 0.5166015625 0.25 0.5107421875 0.25 0.505859375 0.2265625 0.49609375 0.2265625 0.494140625 0.2109375 0.4384765625 0.21875 0.4189453125 0.2421875 0.3935546875 0.2421875 0.3916015625 0.2265625 0.380859375 0.2265625 0.3779296875 0.2421875 0.3779296875 0.640625 0.376953125 0.6640625 0.373046875 0.6796875 0.375 0.7265625 0.3740234375 0.90625 0.37109375 0.8984375 0.37109375 0.734375 0.369140625 0.6953125 0.369140625 0.453125 0.37109375 0.3984375 0.3720703125 0.25 0.3740234375 0.203125 0.390625 0.1953125 0.392578125 0.1796875 0.4296875 0.171875 0.4375 0.15625 0.490234375 0.15625 0.49609375 0.125 0.5185546875 0.125
2 0.6552734375 0.21875 0.6591796875 0.234375 0.666015625 0.234375 0.6572265625 0.25 0.658203125 0.34375 0.65625 0.359375 0.654296875 0.2421875 0.6552734375 0.2265625
