2 0.0498046875 0.25 0.0576171875 0.265625 0.0576171875 0.34375 0.0595703125 0.359375 0.0576171875 0.3984375 0.0556640625 0.3671875 0.0576171875 0.3359375 0.056640625 0.2734375 0.0498046875 0.2578125
2 0.0009765625 0.28125 0.0068359375 0.2734375 0.005859375 0.2890625 0.001953125 0.296875 0.001953125 0.3359375 0.00390625 0.359375 0.00390625 0.3828125 0.001953125 0.390625 0.0029296875 0.375 0.0009765625 0.2890625
2 0.279296875 0.28125 0.2890625 0.28125 0.2900390625 0.296875 0.2822265625 0.296875 0.2802734375 0.3125 0.2685546875 0.515625 0.2666015625 0.515625 0.2802734375 0.296875 0.279296875 0.2890625
2 0.4326171875 0.328125 0.439453125 0.34375 0.44140625 0.3359375 0.443359375 0.34375 0.443359375 0.359375 0.44140625 0.359375 0.439453125 0.3828125 0.4248046875 0.703125 0.4228515625 0.703125 0.4228515625 0.6875 0.42578125 0.6171875 0.427734375 0.6015625 0.439453125 0.359375 0.4345703125 0.34375 0.42578125 0.34375 0.4267578125 0.328125 0.431640625 0.328125
2 0.654296875 0.375 0.662109375 0.359375 0.6708984375 0.359375 0.669921875 0.375 0.6591796875 0.375 0.65625 0.390625 0.662109375 0.59375 0.666015625 0.609375 0.666015625 0.6328125 0.6640625 0.6484375 0.6669921875 0.65625 0.6689453125 0.6875 0.6669921875 0.71875 0.66796875 0.78125 0.6650390625 0.78125 0.6640625 0.734375 0.658203125 0.703125 0.66015625 0.6484375 0.66015625 0.578125 0.654296875 0.3828125
2 0.748046875 0.3984375 0.751953125 0.3984375 0.7568359375 0.421875 0.7626953125 0.53125 0.767578125 0.5703125 0.76953125 0.625 0.76953125 0.640625 0.7666015625 0.6328125 0.76171875 0.5859375 0.7587890625 0.609375 0.7587890625 0.578125 0.7626953125 0.5390625 0.7587890625 0.5 0.7568359375 0.4375 0.7529296875 0.4140625 0.748046875 0.40625
1 0.029296875 0 0.029296875 0.1171875 0.0322265625 0.140625 0.0458984375 0.1484375 0.0546875 0.171875 0.064453125 0.1640625 0.07421875 0.203125 0.0810546875 0.1953125 0.0869140625 0.234375 0.095703125 0.234375 0.09765625 0.21875 0.09765625 0.1640625 0.1044921875 0.1640625 0.1015625 0.1640625 0.0986328125 0.1875 0.0986328125 0.40625 0.0947265625 0.390625 0.0966796875 0.3828125 0.0947265625 0.3515625 0.0966796875 0.3125 0.0947265625 0.2890625 0.0966796875 0.2734375 0.0947265625 0.2578125 0.048828125 0.171875 0.0322265625 0.1640625 0.03125 0.171875 0.033203125 0.25 0.0390625 0.2890625 0.0390625 0.3125 0.0361328125 0.328125 0.0361328125 0.34375 0.0390625 0.359375 0.0390625 0.390625 0.0361328125 0.40625 0.037109375 0.4296875 0.033203125 0.4765625 0.0341796875 0.484375 0.0361328125 0.484375 0.0322265625 0.4765625 0.0322265625 0.4140625 0.0283203125 0.3828125 0.025390625 0.3828125 0.02734375 0.3828125 0.02734375 0.3671875 0.03125 0.34375 0.025390625 0.3046875 0.025390625 0.2734375 0.0302734375 0.265625 0.02734375 0.1640625 0.02734375 0.1015625 0.025390625 0.0859375 0.0263671875 0.078125 0.0244140625 0.046875 0.01953125 0.015625 0.0234375 0 0.0283203125 0
1 0.919921875 0.3359375 0.9287109375 0.34375 0.9150390625 0.359375 0.876953125 0.375 0.873046875 0.390625 0.8603515625 0.390625 0.85546875 0.40625 0.84765625 0.40625 0.8515625 0.390625 0.8935546875 0.359375 0.896484375 0.34375 0.9052734375 0.3515625 0.9189453125 0.3359375
2 0.8310546875 0.3984375 0.8349609375 0.40625 0.8349609375 0.4375 0.841796875 0.484375 0.841796875 0.5078125 0.837890625 0.515625 0.837890625 0.4609375 0.83203125 0.421875 0.83203125 0.40625
3 0.7412109375 0.5546875 0.7421875 0.5859375 0.740234375 0.59375 0.740234375 0.640625 0.7421875 0.65625 0.7431640625 0.6953125 0.740234375 0.6953125 0.734375 0.609375 0.732421875 0.6171875 0.7333984375 0.5703125 0.740234375 0.5625
