2 0.6650390625 0.1640625 0.666015625 0.1484375 0.6708984375 0.1484375 0.681640625 0.1875 0.697265625 0.203125 0.697265625 0.21875 0.69140625 0.21875 0.6875 0.203125 0.6845703125 0.203125 0.6826171875 0.21875 0.677734375 0.484375 0.677734375 0.6171875 0.67578125 0.640625 0.6748046875 0.7109375 0.671875 0.7109375 0.673828125 0.6484375 0.6728515625 0.59375 0.6748046875 0.5859375 0.67578125 0.546875 0.67578125 0.46875 0.677734375 0.421875 0.6767578125 0.3984375 0.6787109375 0.375 0.677734375 0.359375 0.6806640625 0.203125 0.6767578125 0.1796875 0.666015625 0.1640625
2 0.1201171875 0.359375 0.119140625 0.40625 0.1220703125 0.4765625 0.1220703125 0.5546875 0.1201171875 0.5390625 0.119140625 0.4296875 0.1171875 0.4140625 0.1171875 0.3671875 0.119140625 0.359375
3 0.1494140625 0.453125 0.15234375 0.4609375 0.154296875 0.4921875 0.15234375 0.5390625 0.1533203125 0.609375 0.1513671875 0.609375 0.1513671875 0.546875 0.1484375 0.5234375 0.1484375 0.4609375
1 0.189453125 0.421875 0.1923828125 0.40625 0.21875 0.390625 0.220703125 0.421875 0.2177734375 0.4296875 0.1943359375 0.4296875 0.193359375 0.5390625 0.1904296875 0.53125 0.1904296875 0.4296875
2 0.2734375 0.2421875 0.2744140625 0.2265625 0.2822265625 0.234375 0.2822265625 0.609375 0.279296875 0.6015625 0.2802734375 0.296875 0.279296875 0.2578125 0.2744140625 0.2421875
3 0.3359375 0.46875 0.3369140625 0.4453125 0.3408203125 0.453125 0.3388671875 0.6484375 0.3369140625 0.640625 0.3359375 0.609375 0.337890625 0.5078125 0.3369140625 0.46875
1 0.5185546875 0.421875 0.564453125 0.4375 0.5693359375 0.4296875 0.5732421875 0.4453125 0.5830078125 0.4453125 0.5859375 0.4765625 0.583984375 0.515625 0.583984375 0.578125 0.58203125 0.6015625 0.580078125 0.59375 0.5810546875 0.5703125 0.578125 0.5703125 0.578125 0.4765625 0.5673828125 0.4765625 0.56640625 0.4609375 0.5625 0.453125 0.50390625 0.4453125 0.501953125 0.46875 0.501953125 0.5546875 0.4990234375 0.5546875 0.4990234375 0.4609375 0.5009765625 0.421875 0.517578125 0.421875
2 0.578125 0.3828125 0.5908203125 0.390625 0.58984375 0.40625 0.5849609375 0.4140625 0.5849609375 0.453125 0.58203125 0.453125 0.58203125 0.4140625 0.578125 0.40625 0.578125 0.390625
1 0.865234375 0 0.86328125 0.03125 0.8388671875 0.1484375 0.8359375 0.1796875 0.8271484375 0.2265625 0.8203125 0.28125 0.8193359375 0.3046875 0.81640625 0.3046875 0.814453125 0.328125 0.814453125 0.53125 0.8212890625 0.546875 0.8203125 0.5625 0.822265625 0.59375 0.814453125 0.625 0.814453125 0.671875 0.818359375 0.71875 0.818359375 0.734375 0.814453125 0.765625 0.8154296875 0.8125 0.80859375 0.8046875 0.80859375 0.6484375 0.8037109375 0.6328125 0.8046875 0.609375 0.8017578125 0.6015625 0.802734375 0.5859375 0.80078125 0.5546875 0.8046875 0.53125 0.80859375 0.53125 0.80859375 0.3046875 0.810546875 0.2890625 0.8115234375 0.296875 0.8125 0.265625 0.814453125 0.265625 0.828125 0.15625 0.8359375 0.1171875 0.8515625 0.0078125 0.8642578125 0
3 0.8935546875 0.546875 0.896484375 0.5546875 0.896484375 0.578125 0.89453125 0.5859375 0.8955078125 0.640625 0.8935546875 0.5546875
3 0.9228515625 0.5390625 0.92578125 0.5390625 0.9248046875 0.6171875 0.9228515625 0.546875
1 0.9599609375 0.4375 0.9921875 0.4375 0.9970703125 0.5703125 0.99609375 0.5859375 0.994140625 0.5859375 0.9892578125 0.4609375 0.96484375 0.4765625 0.9599609375 0.46875 0.9599609375 0.4453125
2 0.9970703125 0.3046875 0.9990234375 0.3125 0.9990234375 0.3359375 0.9921875 0.3359375 0.990234375 0.3515625 0.9931640625 0.3984375 0.9921875 0.4453125 0.990234375 0.4453125 0.990234375 0.40625 0.9873046875 0.375 0.9873046875 0.34375 0.978515625 0.3359375 0.9775390625 0.3203125 0.99609375 0.3046875
