2 0.4794921875 0.21875 0.484375 0.21875 0.494140625 0.2578125 0.49609375 0.25 0.5078125 0.2734375 0.4951171875 0.2734375 0.4931640625 0.2890625 0.482421875 0.6171875 0.4833984375 0.6328125 0.4794921875 0.6953125 0.48046875 0.7109375 0.4765625 0.7109375 0.4794921875 0.6484375 0.478515625 0.6171875 0.4814453125 0.6015625 0.4892578125 0.34375 0.4921875 0.296875 0.4921875 0.265625 0.490234375 0.25 0.482421875 0.2421875 0.4794921875 0.2265625
2 0.93359375 0.328125 0.93359375 0.390625 0.935546875 0.4453125 0.9384765625 0.4609375 0.939453125 0.5390625 0.9375 0.5390625 0.9296875 0.34375 0.9326171875 0.328125
2 0.3984375 0.40625 0.4091796875 0.4140625 0.4033203125 0.4296875 0.3984375 0.515625 0.3994140625 0.546875 0.396484375 0.578125 0.39453125 0.5625 0.3974609375 0.4921875 0.40234375 0.4375 0.400390625 0.4140625 0.3984375 0.4140625
2 0.5537109375 0.4921875 0.556640625 0.5 0.5546875 0.6171875 0.5576171875 0.6171875 0.5576171875 0.6484375 0.5556640625 0.671875 0.55078125 0.671875 0.55078125 0.6484375 0.5537109375 0.6484375 0.552734375 0.6328125 0.55078125 0.6328125 0.55078125 0.6171875 0.5537109375 0.6171875 0.5556640625 0.546875 0.5556640625 0.5078125 0.5537109375 0.5
1 0.556640625 0 0.5791015625 0 0.5830078125 0.0390625 0.5859375 0.109375 0.587890625 0.1171875 0.5888671875 0.1953125 0.591796875 0.234375 0.591796875 0.2734375 0.595703125 0.3515625 0.5947265625 0.46875 0.5966796875 0.5 0.5947265625 0.5234375 0.595703125 0.5859375 0.59375 0.6015625 0.595703125 0.625 0.595703125 0.65625 0.59375 0.671875 0.5947265625 0.7265625 0.5927734375 0.75 0.5927734375 0.7890625 0.5908203125 0.796875 0.591796875 0.8125 0.587890625 0.8125 0.587890625 0.671875 0.58984375 0.65625 0.587890625 0.625 0.58984375 0.625 0.5908203125 0.6015625 0.5869140625 0.5703125 0.58984375 0.546875 0.5888671875 0.484375 0.5908203125 0.4375 0.587890625 0.28125 0.5859375 0.265625 0.5869140625 0.25 0.57421875 0.0390625 0.572265625 0.0234375 0.5673828125 0.015625 0.5595703125 0.0234375 0.5576171875 0.0078125
1 0.0078125 0.3671875 0.033203125 0.34375 0.0400390625 0.34375 0.041015625 0.3671875 0.0146484375 0.375 0.0126953125 0.390625 0.0126953125 0.4765625 0.009765625 0.453125 0.009765625 0.3984375 0.0078125 0.375
2 0.1171875 0.1484375 0.119140625 0.1875 0.119140625 0.5390625 0.1162109375 0.5390625 0.119140625 0.5234375 0.1181640625 0.5078125 0.1162109375 0.5078125 0.1162109375 0.4765625 0.119140625 0.46875 0.1171875 0.4609375 0.115234375 0.3984375 0.1162109375 0.1796875 0.1103515625 0.15625 0.1162109375 0.1484375
1 0.33203125 0.40625 0.392578125 0.4375 0.396484375 0.453125 0.396484375 0.46875 0.3271484375 0.421875 0.32421875 0.46875 0.32421875 0.515625 0.3203125 0.515625 0.3203125 0.46875 0.3232421875 0.4453125 0.322265625 0.421875 0.32421875 0.40625 0.3310546875 0.40625
3 0.9697265625 0.546875 0.96875 0.5234375 0.970703125 0.5078125 0.9677734375 0.4609375 0.96875 0.4140625 0.97265625 0.421875 0.974609375 0.4453125 0.97265625 0.5390625 0.970703125 0.546875
1 0.80078125 0.3203125 0.7939453125 0.3359375 0.79296875 0.3671875 0.7998046875 0.5234375 0.8017578125 0.5390625 0.8017578125 0.59375 0.798828125 0.5859375 0.796875 0.5234375 0.79296875 0.4765625 0.7646484375 0.4921875 0.7646484375 0.46875 0.779296875 0.4765625 0.7919921875 0.4609375 0.7919921875 0.3671875 0.7900390625 0.3515625 0.7802734375 0.34375 0.7998046875 0.3203125
