2 0.419921875 0.140625 0.423828125 0.140625 0.4296875 0.1640625 0.4404296875 0.171875 0.4296875 0.1875 0.41796875 0.4765625 0.4169921875 0.4453125 0.4287109375 0.1875 0.4267578125 0.1640625 0.419921875 0.1484375
2 0.0380859375 0.4609375 0.041015625 0.46875 0.044921875 0.5390625 0.0478515625 0.546875 0.0439453125 0.5625 0.041015625 0.484375 0.0380859375 0.46875
2 0.8310546875 0.546875 0.8330078125 0.5390625 0.83203125 0.4921875 0.8359375 0.484375 0.8359375 0.5 0.833984375 0.5078125 0.833984375 0.5390625 0.8349609375 0.6484375 0.8369140625 0.65625 0.8359375 0.765625 0.833984375 0.765625 0.8330078125 0.5625 0.8310546875 0.5546875
3 0.2294921875 0.375 0.240234375 0.3671875 0.2412109375 0.3828125 0.2412109375 0.4296875 0.236328125 0.453125 0.2392578125 0.53125 0.2373046875 0.5625 0.236328125 0.4921875 0.2333984375 0.4453125 0.23046875 0.4296875 0.2314453125 0.3984375 0.2294921875 0.3828125
1 0.3349609375 0.28125 0.337890625 0.296875 0.3427734375 0.296875 0.3427734375 0.375 0.3408203125 0.375 0.341796875 0.3203125 0.3388671875 0.3046875 0.2998046875 0.296875 0.2783203125 0.3046875 0.2763671875 0.3203125 0.2763671875 0.3515625 0.2783203125 0.3671875 0.2763671875 0.3984375 0.2734375 0.3671875 0.2744140625 0.3203125 0.2724609375 0.296875 0.283203125 0.296875 0.2900390625 0.28125 0.296875 0.28125 0.298828125 0.296875 0.3134765625 0.28125 0.333984375 0.28125
1 0.4541015625 0.140625 0.458984375 0.140625 0.4599609375 0.1796875 0.4619140625 0.1953125 0.48046875 0.25 0.484375 0.2734375 0.490234375 0.28125 0.490234375 0.3046875 0.4833984375 0.3984375 0.4833984375 0.4453125 0.48046875 0.4609375 0.48046875 0.484375 0.4755859375 0.515625 0.4775390625 0.4765625 0.4794921875 0.46875 0.478515625 0.4453125 0.4814453125 0.4140625 0.4814453125 0.3515625 0.4853515625 0.3203125 0.4853515625 0.3046875 0.466796875 0.2265625 0.4609375 0.2109375 0.453125 0.2109375 0.4521484375 0.15625 0.4541015625 0.1484375
2 0.4736328125 0.390625 0.4765625 0.40625 0.474609375 0.421875 0.4765625 0.4296875 0.47265625 0.4453125 0.4716796875 0.4296875 0.4736328125 0.421875 0.4736328125 0.3984375
3 0.583984375 0.515625 0.5859375 0.53125 0.580078125 0.59375 0.583984375 0.5234375
3 0.6162109375 0.546875 0.6181640625 0.5546875 0.6181640625 0.578125 0.61328125 0.625 0.6162109375 0.5546875
1 0.6689453125 0.375 0.6875 0.375 0.6806640625 0.3828125 0.677734375 0.40625 0.669921875 0.5703125 0.671875 0.625 0.6689453125 0.640625 0.6640625 0.640625 0.6640625 0.59375 0.6669921875 0.5703125 0.6689453125 0.5234375 0.666015625 0.5078125 0.646484375 0.5 0.6494140625 0.4765625 0.654296875 0.5 0.669921875 0.4921875 0.6748046875 0.4140625 0.673828125 0.3828125 0.669921875 0.3828125
3 0.845703125 0.6171875 0.857421875 0.625 0.859375 0.640625 0.8603515625 0.6953125 0.8583984375 0.734375 0.853515625 0.7421875 0.857421875 0.75 0.8564453125 0.8046875 0.853515625 0.828125 0.8544921875 0.8515625 0.85546875 0.8359375 0.85546875 0.9375 0.857421875 0.9375 0.857421875 0.96875 0.8564453125 0.9609375 0.85546875 0.9765625 0.8515625 0.9765625 0.8505859375 0.890625 0.8466796875 0.875 0.8447265625 0.84375 0.8466796875 0.8125 0.849609375 0.8125 0.8486328125 0.7421875 0.8447265625 0.734375 0.8427734375 0.703125 0.8427734375 0.640625 0.845703125 0.625
1 0.96875 0.5078125 0.9755859375 0.5078125 0.9775390625 0.53125 0.9755859375 0.546875 0.9423828125 0.5625 0.9423828125 0.6171875 0.9443359375 0.6328125 0.9453125 0.671875 0.94140625 0.6640625 0.94140625 0.6328125 0.9384765625 0.6015625 0.9384765625 0.5546875 0.9541015625 0.53125 0.9658203125 0.53125 0.96875 0.515625
2 0.0947265625 0.1015625 0.103515625 0.1015625 0.111328125 0.140625 0.111328125 0.1640625 0.115234375 0.1875 0.1162109375 0.21875 0.12109375 0.2578125 0.1220703125 0.3125 0.1298828125 0.4375 0.1298828125 0.4609375 0.1337890625 0.484375 0.1337890625 0.53125 0.13671875 0.5546875 0.140625 0.625 0.140625 0.65625 0.134765625 0.625 0.1318359375 0.546875 0.12890625 0.5234375 0.1298828125 0.5078125 0.126953125 0.46875 0.1259765625 0.4140625 0.1201171875 0.3515625 0.1123046875 0.21875 0.109375 0.203125 0.109375 0.15625 0.107421875 0.140625 0.0947265625 0.140625 0.0947265625 0.109375
