2 0.0283203125 0.1640625 0.0302734375 0.1796875 0.0244140625 0.1953125 0.0244140625 0.3125 0.0263671875 0.3203125 0.025390625 0.421875 0.0302734375 0.4609375 0.0302734375 0.5078125 0.02734375 0.5546875 0.0263671875 0.6328125 0.0244140625 0.625 0.0234375 0.578125 0.0234375 0.3046875 0.021484375 0.2734375 0.021484375 0.1796875 0.02734375 0.1640625
1 0.177734375 0.375 0.177734375 0.40625 0.1748046875 0.4140625 0.14453125 0.3984375 0.1318359375 0.40625 0.1298828125 0.4921875 0.12890625 0.390625 0.166015625 0.390625 0.169921875 0.375 0.1767578125 0.375
2 0.3505859375 0.390625 0.3486328125 0.5078125 0.3466796875 0.5 0.3486328125 0.390625 0.34765625 0.3515625 0.3515625 0.34375 0.3486328125 0.3828125 0.349609375 0.390625
2 0.5166015625 0.359375 0.51953125 0.3515625 0.5341796875 0.3671875 0.529296875 0.3671875 0.5244140625 0.40625 0.52734375 0.4140625 0.525390625 0.453125 0.525390625 0.578125 0.5224609375 0.578125 0.5224609375 0.5390625 0.5244140625 0.515625 0.5244140625 0.4140625 0.5224609375 0.40625 0.5244140625 0.390625 0.5224609375 0.3671875 0.517578125 0.359375
1 0.5078125 0.375 0.51171875 0.3828125 0.513671875 0.40625 0.5576171875 0.4375 0.556640625 0.59375 0.552734375 0.546875 0.552734375 0.5234375 0.5546875 0.5078125 0.5546875 0.4609375 0.552734375 0.4453125 0.529296875 0.421875 0.5244140625 0.4296875 0.517578125 0.4140625 0.5078125 0.421875 0.5078125 0.3828125
1 0.763671875 0.1953125 0.7568359375 0.2265625 0.755859375 0.2734375 0.7587890625 0.3359375 0.759765625 0.4765625 0.7626953125 0.515625 0.7607421875 0.5625 0.7578125 0.5625 0.759765625 0.546875 0.759765625 0.5078125 0.7568359375 0.484375 0.7568359375 0.4296875 0.7548828125 0.4140625 0.75 0.4140625 0.7421875 0.4375 0.7392578125 0.4296875 0.740234375 0.3984375 0.751953125 0.4140625 0.751953125 0.3984375 0.7548828125 0.390625 0.7548828125 0.2734375 0.751953125 0.25 0.7470703125 0.2421875 0.7548828125 0.21875 0.7578125 0.1953125 0.7626953125 0.1953125
1 0.8994140625 0.421875 0.919921875 0.421875 0.921875 0.5078125 0.9189453125 0.5234375 0.9189453125 0.46875 0.9169921875 0.4375 0.900390625 0.4296875
2 0.869140625 0.375 0.8642578125 0.390625 0.865234375 0.5 0.8671875 0.5078125 0.8671875 0.5390625 0.86328125 0.5234375 0.86328125 0.3984375 0.8564453125 0.3828125 0.8681640625 0.375
3 0.3134765625 0.4140625 0.318359375 0.4140625 0.3203125 0.4375 0.3271484375 0.453125 0.328125 0.46875 0.32421875 0.4765625 0.326171875 0.4921875 0.3291015625 0.5 0.3310546875 0.484375 0.3310546875 0.5078125 0.330078125 0.4921875 0.328125 0.515625 0.326171875 0.5078125 0.32421875 0.5234375 0.3251953125 0.5546875 0.3232421875 0.578125 0.31640625 0.578125 0.3134765625 0.59375 0.3173828125 0.6015625 0.3173828125 0.625 0.3125 0.65625 0.3115234375 0.6953125 0.3134765625 0.7109375 0.318359375 0.7109375 0.318359375 0.75 0.310546875 0.796875 0.3076171875 0.859375 0.30859375 0.921875 0.3076171875 0.9140625 0.306640625 0.9453125 0.3046875 0.953125 0.3056640625 0.9140625 0.3037109375 0.890625 0.3046875 0.8515625 0.306640625 0.8515625 0.306640625 0.796875 0.3056640625 0.7890625 0.3046875 0.8046875 0.3037109375 0.7890625 0.30078125 0.7890625 0.30078125 0.7734375 0.306640625 0.71875 0.310546875 0.703125 0.306640625 0.703125 0.2978515625 0.6171875 0.3017578125 0.6015625 0.30859375 0.609375 0.3095703125 0.59375 0.3076171875 0.578125 0.2978515625 0.5859375 0.2978515625 0.53125 0.2998046875 0.5078125 0.30078125 0.4296875 0.3134765625 0.421875
2 0.583984375 0.46875 0.587890625 0.4765625 0.587890625 0.578125 0.58984375 0.59375 0.5869140625 0.6015625 0.5869140625 0.484375 0.583984375 0.4765625
3 0.7216796875 0.5234375 0.724609375 0.53125 0.724609375 0.5546875 0.72265625 0.5625 0.7236328125 0.609375 0.7216796875 0.53125
