2 0.251953125 0.2890625 0.2646484375 0.28125 0.2587890625 0.3046875 0.259765625 0.3984375 0.26171875 0.40625 0.2607421875 0.453125 0.2578125 0.4296875 0.2578125 0.3046875 0.251953125 0.296875
2 0.0537109375 0.4765625 0.0576171875 0.53125 0.0576171875 0.5625 0.0556640625 0.546875 0.0537109375 0.484375
2 0.7490234375 0.515625 0.74609375 0.5859375 0.74609375 0.703125 0.744140625 0.703125 0.744140625 0.65625 0.7421875 0.625 0.7451171875 0.6015625 0.74609375 0.4765625 0.75 0.46875 0.7470703125 0.484375 0.748046875 0.515625
1 0.1962890625 0.3125 0.201171875 0.3125 0.205078125 0.34375 0.21875 0.328125 0.236328125 0.328125 0.2392578125 0.3671875 0.2412109375 0.484375 0.23828125 0.484375 0.236328125 0.375 0.234375 0.3515625 0.232421875 0.3515625 0.23046875 0.375 0.203125 0.375 0.201171875 0.390625 0.19140625 0.375 0.173828125 0.390625 0.173828125 0.46875 0.1708984375 0.390625 0.1728515625 0.3671875 0.189453125 0.359375 0.1923828125 0.328125 0.1953125 0.3203125
2 0.166015625 0.1015625 0.1650390625 0.1171875 0.1572265625 0.1328125 0.1552734375 0.1484375 0.1552734375 0.171875 0.1591796875 0.234375 0.16015625 0.3125 0.1630859375 0.359375 0.1650390625 0.453125 0.1689453125 0.484375 0.1689453125 0.578125 0.1669921875 0.578125 0.1650390625 0.5234375 0.1611328125 0.4921875 0.1640625 0.4609375 0.1533203125 0.1640625 0.1416015625 0.1640625 0.142578125 0.1484375 0.150390625 0.1328125 0.15234375 0.140625 0.16015625 0.1015625 0.1650390625 0.1015625
2 0.0634765625 0.3671875 0.068359375 0.3671875 0.0693359375 0.4375 0.07421875 0.5234375 0.0703125 0.5234375 0.06640625 0.4375 0.06640625 0.3984375 0.0634765625 0.390625 0.0634765625 0.375
1 0.291015625 0.203125 0.2939453125 0.234375 0.34375 0.2421875 0.341796875 0.515625 0.3388671875 0.5859375 0.3349609375 0.578125 0.3359375 0.4296875 0.33984375 0.328125 0.3388671875 0.265625 0.2939453125 0.2578125 0.2919921875 0.28125 0.2744140625 0.2890625 0.2734375 0.2109375 0.2900390625 0.203125
3 0.31640625 0.453125 0.314453125 0.4296875 0.3154296875 0.40625 0.3193359375 0.4140625 0.3193359375 0.4375 0.3173828125 0.453125
3 0.78515625 0.609375 0.7890625 0.609375 0.787109375 0.6796875 0.78515625 0.6171875
2 0.77734375 0.5234375 0.7802734375 0.53125 0.7783203125 0.6640625 0.7763671875 0.6640625 0.77734375 0.53125
1 0.8583984375 0.546875 0.8603515625 0.5625 0.8603515625 0.6484375 0.857421875 0.6171875 0.857421875 0.5703125 0.8330078125 0.5703125 0.833984375 0.546875 0.857421875 0.546875
1 0.923828125 0.484375 0.9248046875 0.5078125 0.9228515625 0.5234375 0.9189453125 0.515625 0.8935546875 0.53125 0.8935546875 0.671875 0.8916015625 0.671875 0.890625 0.640625 0.888671875 0.53125 0.8896484375 0.5078125 0.9169921875 0.5 0.9228515625 0.484375
2 0.876953125 0.3828125 0.8984375 0.390625 0.8984375 0.40625 0.8896484375 0.4140625 0.8916015625 0.5234375 0.888671875 0.5234375 0.88671875 0.4140625 0.8779296875 0.40625 0.876953125 0.390625
