2 0.45703125 0.28125 0.46484375 0.28125 0.4599609375 0.3046875 0.4609375 0.390625 0.462890625 0.3984375 0.4619140625 0.4453125 0.458984375 0.421875 0.458984375 0.3046875 0.4521484375 0.296875 0.453125 0.28125 0.4560546875 0.28125
2 0.90234375 0.4296875 0.9052734375 0.4296875 0.90625 0.4453125 0.904296875 0.4453125 0.90234375 0.46875 0.904296875 0.4921875 0.9013671875 0.5 0.8994140625 0.625 0.8974609375 0.6796875 0.8955078125 0.671875 0.8955078125 0.59375 0.8994140625 0.5625 0.90234375 0.4375
1 0.00878906 0.546875 0.0400391 0.546875 0.0400391 0.671875 0.00878906 0.671875
1 0.0673828125 0.4921875 0.1044921875 0.484375 0.1064453125 0.46875 0.109375 0.46875 0.1103515625 0.484375 0.109375 0.5078125 0.0712890625 0.5078125 0.0712890625 0.6953125 0.0693359375 0.6953125 0.068359375 0.671875 0.0673828125 0.5
2 0.0517578 0.335938 0.0800781 0.335938 0.0800781 0.507812 0.0517578 0.507812
3 0.1201171875 0.65625 0.1171875 0.609375 0.1181640625 0.5859375 0.12109375 0.65625
3 0.1455078125 0.5703125 0.1484375 0.5703125 0.1484375 0.65625 0.146484375 0.6328125 0.1455078125 0.578125
2 0.271484375 0.359375 0.2734375 0.359375 0.2763671875 0.390625 0.2822265625 0.5390625 0.2822265625 0.5546875 0.279296875 0.5546875 0.275390625 0.4375 0.2705078125 0.375 0.271484375 0.3671875
2 0.3759765625 0.1328125 0.392578125 0.1171875 0.404296875 0.0859375 0.408203125 0.09375 0.3935546875 0.1328125 0.3984375 0.2578125 0.3984375 0.3125 0.4013671875 0.359375 0.40234375 0.421875 0.404296875 0.4453125 0.4072265625 0.453125 0.4072265625 0.4765625 0.4052734375 0.4921875 0.4052734375 0.515625 0.4072265625 0.53125 0.40625 0.546875 0.4033203125 0.5390625 0.40234375 0.5 0.3974609375 0.46875 0.3974609375 0.453125 0.4013671875 0.4296875 0.3994140625 0.40625 0.3994140625 0.359375 0.3916015625 0.1484375 0.3896484375 0.1328125 0.37890625 0.1484375 0.3759765625 0.140625
1 0.4013671875 0.3203125 0.4091796875 0.3125 0.412109375 0.34375 0.4208984375 0.328125 0.4462890625 0.3203125 0.4501953125 0.40625 0.4501953125 0.46875 0.4482421875 0.4765625 0.4462890625 0.375 0.443359375 0.34375 0.44140625 0.34375 0.439453125 0.3671875 0.431640625 0.3671875 0.427734375 0.3515625 0.4248046875 0.3671875 0.4013671875 0.3671875 0.396484375 0.3828125 0.3818359375 0.3828125 0.37890625 0.3984375 0.380859375 0.4375 0.3798828125 0.46875 0.376953125 0.3984375 0.3779296875 0.3671875 0.3955078125 0.359375 0.4013671875 0.328125
1 0.51171875 0.2265625 0.517578125 0.25 0.5517578125 0.265625 0.552734375 0.359375 0.548828125 0.53125 0.546875 0.53125 0.5458984375 0.515625 0.5498046875 0.359375 0.5498046875 0.2890625 0.515625 0.265625 0.5146484375 0.2890625 0.5009765625 0.296875 0.4990234375 0.2578125 0.5 0.234375 0.5107421875 0.2265625
3 0.9521484375 0.6015625 0.9560546875 0.6015625 0.9560546875 0.625 0.9541015625 0.6328125 0.9541015625 0.6640625 0.9560546875 0.6796875 0.9541015625 0.6796875 0.9521484375 0.609375
2 0.947266 0.515625 0.953125 0.515625 0.953125 0.679688 0.947266 0.679688
