2 0.9775390625 0.2890625 0.9853515625 0.3046875 0.994140625 0.296875 0.994140625 0.3125 0.986328125 0.3203125 0.984375 0.4609375 0.986328125 0.46875 0.986328125 0.4921875 0.984375 0.5 0.984375 0.53125 0.982421875 0.53125 0.9833984375 0.5 0.9814453125 0.4921875 0.9814453125 0.4609375 0.9833984375 0.4609375 0.984375 0.3203125 0.982421875 0.3046875 0.9765625 0.296875
2 0.2265625 0 0.2353515625 0 0.2353515625 0.015625 0.234375 0.03125 0.2294921875 0.0390625 0.224609375 0.0859375 0.2197265625 0.3984375 0.220703125 0.453125 0.21875 0.4921875 0.2197265625 0.515625 0.216796875 0.65625 0.2177734375 0.6875 0.2119140625 0.703125 0.2138671875 0.6875 0.216796875 0.40625 0.21875 0.390625 0.2177734375 0.34375 0.2216796875 0.171875 0.2216796875 0.1328125 0.2197265625 0.1171875 0.216796875 0.1171875 0.216796875 0.1015625 0.2216796875 0.09375 0.2216796875 0.078125 0.2265625 0.0390625 0.2265625 0.0078125
3 0.37890625 0.5390625 0.3798828125 0.5625 0.376953125 0.578125 0.376953125 0.6171875 0.3798828125 0.6171875 0.3779296875 0.640625 0.375 0.6484375 0.3740234375 0.625 0.3759765625 0.578125 0.373046875 0.546875 0.3779296875 0.5390625
1 0.48828125 0.203125 0.5205078125 0.234375 0.5224609375 0.25 0.5224609375 0.328125 0.517578125 0.34375 0.486328125 0.34375 0.478515625 0.3203125 0.470703125 0.3203125 0.4638671875 0.34375 0.4296875 0.3359375 0.423828125 0.3203125 0.4130859375 0.3203125 0.4033203125 0.3515625 0.3759765625 0.359375 0.3720703125 0.34375 0.3544921875 0.34375 0.349609375 0.359375 0.328125 0.3671875 0.322265625 0.40625 0.32421875 0.421875 0.322265625 0.421875 0.3212890625 0.4375 0.3154296875 0.4375 0.3125 0.421875 0.31640625 0.40625 0.314453125 0.3984375 0.3154296875 0.375 0.3134765625 0.359375 0.333984375 0.3515625 0.3369140625 0.3359375 0.3369140625 0.3125 0.34375 0.296875 0.3505859375 0.296875 0.353515625 0.328125 0.3671875 0.328125 0.3701171875 0.3125 0.3681640625 0.2890625 0.3740234375 0.265625 0.4052734375 0.25 0.41015625 0.2578125 0.41015625 0.2734375 0.4140625 0.2890625 0.421875 0.2890625 0.42578125 0.25 0.4287109375 0.2421875 0.462890625 0.2421875 0.466796875 0.2578125 0.466796875 0.2734375 0.46484375 0.28125 0.466796875 0.296875 0.4736328125 0.296875 0.4775390625 0.2734375 0.4755859375 0.2578125 0.4765625 0.2109375 0.4873046875 0.203125
1 0.3916015625 0.390625 0.40625 0.3828125 0.40625 0.3984375 0.3994140625 0.40625 0.400390625 0.4765625 0.416015625 0.4765625 0.419921875 0.4609375 0.419921875 0.4921875 0.400390625 0.4921875 0.3994140625 0.53125 0.4013671875 0.5859375 0.3984375 0.6015625 0.396484375 0.5859375 0.3984375 0.53125 0.3984375 0.40625 0.3916015625 0.3984375
3 0.9052734375 0.453125 0.9091796875 0.46875 0.9072265625 0.5078125 0.904296875 0.515625 0.904296875 0.4609375
3 0.837890625 0.3359375 0.845703125 0.3359375 0.84765625 0.453125 0.84765625 0.515625 0.84375 0.515625 0.84375 0.359375 0.837890625 0.34375
1 0.9853515625 0.3984375 0.9990234375 0.40625 0.9990234375 0.421875 0.9755859375 0.421875 0.9736328125 0.484375 0.9736328125 0.40625 0.984375 0.3984375
1 0.001953125 0.390625 0.0068359375 0.3828125 0.009765625 0.390625 0.01171875 0.4140625 0.0107421875 0.4296875 0.001953125 0.4296875 0 0.421875 0.001953125 0.3984375
2 0.5673828125 0.3515625 0.5703125 0.3515625 0.5703125 0.4453125 0.572265625 0.453125 0.572265625 0.5546875 0.5703125 0.5703125 0.5673828125 0.3828125 0.5654296875 0.3671875 0.55859375 0.3671875 0.5595703125 0.3515625 0.564453125 0.3515625 0.56640625 0.3671875 0.5673828125 0.359375
