2 0.7392578125 0.0234375 0.744140625 0.03125 0.7451171875 0.0546875 0.7412109375 0.125 0.736328125 0.296875 0.736328125 0.3671875 0.734375 0.390625 0.734375 0.421875 0.7392578125 0.4453125 0.7373046875 0.46875 0.73828125 0.5 0.7373046875 0.4921875 0.736328125 0.5078125 0.732421875 0.515625 0.73046875 0.5546875 0.7314453125 0.6015625 0.7294921875 0.6171875 0.7275390625 0.609375 0.7294921875 0.5078125 0.7236328125 0.5 0.7255859375 0.4375 0.7294921875 0.4296875 0.7294921875 0.3984375 0.73046875 0.4140625 0.732421875 0.40625 0.7333984375 0.3203125 0.7421875 0.0859375 0.7412109375 0.0703125 0.7431640625 0.0546875 0.7392578125 0.03125
2 0.33984375 0.46875 0.345703125 0.4765625 0.3505859375 0.5703125 0.3486328125 0.5703125 0.345703125 0.4921875 0.34375 0.4765625 0.33984375 0.4765625
2 0.09765625 0.484375 0.109375 0.4921875 0.1044921875 0.5 0.1025390625 0.5390625 0.1025390625 0.5078125 0.09765625 0.4921875
2 0.2724609375 0.5 0.2783203125 0.4921875 0.2724609375 0.515625 0.2763671875 0.640625 0.2734375 0.6171875 0.2744140625 0.5859375 0.2724609375 0.5078125
3 0.64453125 0.4140625 0.646484375 0.421875 0.64453125 0.453125 0.64453125 0.5 0.642578125 0.4453125 0.6435546875 0.421875
3 0.55859375 0.359375 0.55859375 0.390625 0.556640625 0.40625 0.556640625 0.4921875 0.5595703125 0.5625 0.5546875 0.5703125 0.5556640625 0.53125 0.552734375 0.4765625 0.552734375 0.421875 0.546875 0.40625 0.5458984375 0.3671875 0.5498046875 0.3515625 0.5576171875 0.359375
3 0.9716796875 0.4765625 0.9775390625 0.4921875 0.9755859375 0.59375 0.9716796875 0.6171875 0.9658203125 0.609375 0.9638671875 0.625 0.9580078125 0.7734375 0.953125 0.8359375 0.951171875 0.828125 0.951171875 0.7890625 0.955078125 0.765625 0.9580078125 0.6640625 0.9609375 0.6484375 0.9609375 0.578125 0.9638671875 0.5625 0.96484375 0.5 0.9677734375 0.4765625 0.970703125 0.4765625
3 0.162109375 0.6171875 0.1611328125 0.6953125 0.1591796875 0.6328125 0.1611328125 0.6171875
1 0.4423828125 0.28125 0.4423828125 0.296875 0.4375 0.3203125 0.4375 0.34375 0.443359375 0.4453125 0.4462890625 0.453125 0.4453125 0.484375 0.4482421875 0.515625 0.447265625 0.5390625 0.443359375 0.5234375 0.4384765625 0.40625 0.42578125 0.4140625 0.4228515625 0.4296875 0.4189453125 0.4140625 0.4189453125 0.3984375 0.427734375 0.40625 0.4365234375 0.390625 0.4375 0.375 0.435546875 0.3515625 0.435546875 0.3125 0.42578125 0.296875 0.44140625 0.28125
1 0.22265625 0.2890625 0.2275390625 0.2890625 0.2314453125 0.328125 0.236328125 0.3359375 0.23046875 0.359375 0.23046875 0.3984375 0.234375 0.4140625 0.232421875 0.4375 0.232421875 0.5 0.2353515625 0.5546875 0.236328125 0.65625 0.23828125 0.6875 0.236328125 0.703125 0.234375 0.6640625 0.2333984375 0.5625 0.23046875 0.4921875 0.224609375 0.46875 0.21484375 0.453125 0.2119140625 0.4296875 0.2119140625 0.375 0.21484375 0.3671875 0.216796875 0.3828125 0.2177734375 0.4375 0.2294921875 0.46875 0.23046875 0.4609375 0.2314453125 0.4296875 0.228515625 0.4140625 0.2275390625 0.328125 0.22265625 0.296875
2 0.1025390625 0.6640625 0.1005859375 0.6484375 0.1015625 0.5625 0.103515625 0.5546875 0.103515625 0.65625
1 0.0634765625 0.484375 0.0673828125 0.515625 0.0771484375 0.5078125 0.080078125 0.5234375 0.091796875 0.515625 0.1015625 0.5390625 0.115234375 0.5390625 0.1171875 0.5625 0.1162109375 0.671875 0.1142578125 0.6640625 0.1142578125 0.5546875 0.0859375 0.546875 0.08203125 0.53125 0.056640625 0.5390625 0.048828125 0.53125 0.0458984375 0.515625 0.0302734375 0.5078125 0.0263671875 0.53125 0.0244140625 0.6328125 0.0224609375 0.640625 0.0244140625 0.515625 0.0283203125 0.4921875 0.048828125 0.5078125 0.0517578125 0.484375 0.0625 0.484375
