2 0.2314453125 0.2734375 0.232421875 0.28125 0.2470703125 0.2578125 0.2412109375 0.2734375 0.2392578125 0.296875 0.251953125 0.4609375 0.255859375 0.4765625 0.2548828125 0.5078125 0.2568359375 0.53125 0.2548828125 0.53125 0.251953125 0.5 0.2490234375 0.4921875 0.2509765625 0.46875 0.23828125 0.296875 0.228515625 0.296875 0.2275390625 0.28125 0.23046875 0.28125
2 0.771484375 0.3984375 0.7724609375 0.4140625 0.767578125 0.4375 0.7685546875 0.4609375 0.765625 0.46875 0.755859375 0.6171875 0.7548828125 0.6015625 0.7568359375 0.5859375 0.7568359375 0.5546875 0.7626953125 0.5 0.7626953125 0.4765625 0.7646484375 0.46875 0.767578125 0.4140625 0.7705078125 0.3984375
2 0.759765625 0.4453125 0.7607421875 0.4609375 0.751953125 0.5859375 0.759765625 0.453125
1 0.306640625 0.3203125 0.30859375 0.3671875 0.3134765625 0.421875 0.3134765625 0.46875 0.3046875 0.34375 0.2958984375 0.34375 0.2900390625 0.3671875 0.2822265625 0.375 0.2802734375 0.359375 0.2802734375 0.3359375 0.2822265625 0.328125 0.294921875 0.3359375 0.3056640625 0.3203125
1 0.1884765625 0.3984375 0.1923828125 0.40625 0.19921875 0.375 0.2080078125 0.375 0.21875 0.3515625 0.23046875 0.5 0.2314453125 0.5390625 0.228515625 0.5390625 0.228515625 0.515625 0.22265625 0.4609375 0.21875 0.40625 0.21875 0.3828125 0.216796875 0.375 0.2001953125 0.421875 0.193359375 0.4140625 0.1865234375 0.4453125 0.1767578125 0.4453125 0.16796875 0.4765625 0.1640625 0.46875 0.1552734375 0.4921875 0.154296875 0.5 0.158203125 0.5390625 0.1630859375 0.625 0.162109375 0.640625 0.1513671875 0.484375 0.162109375 0.4609375 0.166015625 0.421875 0.1689453125 0.4140625 0.1728515625 0.4375 0.17578125 0.4375 0.1845703125 0.3984375 0.1875 0.3984375
3 0.775390625 0.5546875 0.7822265625 0.5546875 0.7783203125 0.5859375 0.77734375 0.6171875 0.775390625 0.6171875 0.7763671875 0.5859375 0.7724609375 0.5703125 0.7744140625 0.5546875
3 0.892578125 0.6484375 0.896484375 0.65625 0.896484375 0.6796875 0.89453125 0.671875 0.892578125 0.6953125 0.892578125 0.65625
1 0.8681640625 0.3671875 0.8896484375 0.390625 0.8896484375 0.40625 0.87890625 0.40625 0.875 0.484375 0.8759765625 0.5234375 0.890625 0.53125 0.896484375 0.546875 0.8984375 0.5390625 0.8984375 0.5234375 0.9013671875 0.5234375 0.9013671875 0.5625 0.8740234375 0.53125 0.87109375 0.5859375 0.869140625 0.6953125 0.865234375 0.7109375 0.8662109375 0.7265625 0.861328125 0.71875 0.8642578125 0.703125 0.861328125 0.671875 0.865234375 0.6484375 0.8662109375 0.6171875 0.8681640625 0.609375 0.8720703125 0.5078125 0.8779296875 0.4140625 0.876953125 0.390625 0.8681640625 0.375
3 0.9384765625 0.6640625 0.9404296875 0.6640625 0.9384765625 0.7421875 0.9384765625 0.671875
2 0.9228515625 0.5625 0.9326171875 0.5703125 0.931640625 0.71875 0.9306640625 0.5859375 0.9228515625 0.5703125
