2 0.3095703125 0 0.31640625 0 0.3154296875 0.0546875 0.3203125 0.1328125 0.3251953125 0.296875 0.328125 0.34375 0.330078125 0.453125 0.3330078125 0.515625 0.33203125 0.5234375 0.3359375 0.5859375 0.3349609375 0.65625 0.337890625 0.671875 0.333984375 0.671875 0.3310546875 0.65625 0.3291015625 0.625 0.330078125 0.6015625 0.3271484375 0.5625 0.3291015625 0.53125 0.3271484375 0.515625 0.328125 0.4921875 0.322265625 0.2734375 0.3134765625 0.046875 0.310546875 0.0078125
0 0.978515625 0.515625 0.98046875 0.5234375 0.978515625 0.5859375 0.978515625 0.5234375
0 0.939453125 0.4765625 0.939453125 0.515625 0.9365234375 0.5625 0.9384765625 0.484375
0 0.9091796875 0.46875 0.9111328125 0.4609375 0.9111328125 0.484375 0.9091796875 0.5 0.908203125 0.546875 0.908203125 0.4765625
0 0.8759765625 0.4375 0.873046875 0.5234375 0.875 0.4453125
0 0.837890625 0.3984375 0.8369140625 0.453125 0.8349609375 0.4765625 0.837890625 0.40625
0 0.7998046875 0.390625 0.7998046875 0.4375 0.7978515625 0.4765625 0.7998046875 0.3984375
0 0.767578125 0.390625 0.765625 0.453125 0.767578125 0.3984375
0 0.7392578125 0.390625 0.73828125 0.453125 0.73828125 0.3984375
0 0.416015625 0.5078125 0.41796875 0.53125 0.41796875 0.546875 0.416015625 0.515625
