2 0.41796875 0.1328125 0.4228515625 0.1328125 0.427734375 0.15625 0.42578125 0.1640625 0.42578125 0.2265625 0.427734375 0.265625 0.4267578125 0.2890625 0.4287109375 0.3125 0.4365234375 0.6484375 0.435546875 0.671875 0.4326171875 0.6640625 0.4326171875 0.609375 0.427734375 0.4453125 0.423828125 0.203125 0.421875 0.15625 0.4189453125 0.140625
3 0.6748046875 0.421875 0.677734375 0.421875 0.6796875 0.4375 0.6806640625 0.484375 0.6767578125 0.4765625 0.6748046875 0.4296875
3 0.6201171875 0.4609375 0.623046875 0.4765625 0.6201171875 0.5078125 0.6171875 0.4765625 0.619140625 0.4609375
0 0.025390625 0.65625 0.02734375 0.65625 0.02734375 0.6953125 0.025390625 0.7265625 0.0234375 0.71875 0.025390625 0.6640625
0 0.056640625 0.65625 0.05859375 0.65625 0.056640625 0.7265625 0.0537109375 0.71875 0.056640625 0.6640625
0 0.0869140625 0.65625 0.0859375 0.7109375 0.083984375 0.7265625 0.0830078125 0.6875 0.0859375 0.65625
0 0.115234375 0.65625 0.11328125 0.7265625 0.111328125 0.7265625 0.111328125 0.671875 0.1142578125 0.65625
0 0.129883 0.648438 0.135742 0.648438 0.135742 0.726562 0.129883 0.726562
0 0.146484375 0.6484375 0.1484375 0.6484375 0.1484375 0.703125 0.146484375 0.703125 0.146484375 0.65625
0 0.16015625 0.640625 0.1630859375 0.640625 0.1611328125 0.703125 0.1591796875 0.703125 0.16015625 0.6484375
