3 0.517578125 0.4921875 0.5166015625 0.4140625 0.51953125 0.40625 0.51953125 0.4921875 0.5185546875 0.4609375 0.517578125 0.484375
3 0.5625 0.4375 0.568359375 0.4375 0.568359375 0.46875 0.5654296875 0.46875 0.564453125 0.4921875 0.5615234375 0.4765625 0.5625 0.4453125
2 0.378906 0.210938 0.381836 0.210938 0.381836 0.492188 0.378906 0.492188
0 0.16796875 0.3203125 0.171875 0.3203125 0.1708984375 0.4140625 0.1728515625 0.421875 0.171875 0.453125 0.173828125 0.46875 0.171875 0.4765625 0.1728515625 0.515625 0.171875 0.5078125 0.1708984375 0.53125 0.1728515625 0.53125 0.1728515625 0.546875 0.16796875 0.5234375 0.1669921875 0.53125 0.1689453125 0.5 0.16796875 0.484375 0.169921875 0.4765625 0.169921875 0.4296875 0.1669921875 0.4296875 0.169921875 0.3984375 0.169921875 0.3671875 0.16796875 0.359375 0.169921875 0.3515625 0.1689453125 0.3203125
0 0.189453125 0.3828125 0.1923828125 0.4140625 0.189453125 0.4375 0.1904296875 0.484375 0.1923828125 0.4921875 0.1904296875 0.484375 0.1884765625 0.5078125 0.1884765625 0.390625
3 0.3017578125 0.4453125 0.30859375 0.4453125 0.30859375 0.4765625 0.3056640625 0.484375 0.3017578125 0.4765625 0.3017578125 0.453125
3 0.626953125 0.3046875 0.6240234375 0.3984375 0.6201171875 0.4375 0.6162109375 0.5546875 0.6162109375 0.4453125 0.6083984375 0.4609375 0.603515625 0.5 0.6025390625 0.5390625 0.6005859375 0.546875 0.6015625 0.5 0.6044921875 0.4609375 0.6025390625 0.4375 0.611328125 0.3203125 0.6259765625 0.3046875
0 0.10546875 0.140625 0.1044921875 0.1484375 0.1064453125 0.15625 0.1044921875 0.1640625 0.1064453125 0.1875 0.1044921875 0.1953125 0.107421875 0.203125 0.1044921875 0.2109375 0.1064453125 0.21875 0.1064453125 0.234375 0.103515625 0.25 0.1064453125 0.25 0.1025390625 0.2734375 0.1064453125 0.2734375 0.1064453125 0.3046875 0.1083984375 0.3125 0.1044921875 0.3359375 0.10546875 0.34375 0.103515625 0.359375 0.103515625 0.34375 0.1015625 0.3515625 0.1044921875 0.3359375 0.103515625 0.3203125 0.1015625 0.328125 0.1015625 0.296875 0.103515625 0.28125 0.1015625 0.2734375 0.1044921875 0.2578125 0.1015625 0.2578125 0.103515625 0.2265625 0.1015625 0.21875 0.103515625 0.2265625 0.1015625 0.2421875 0.1025390625 0.25 0.10546875 0.234375 0.103515625 0.203125 0.10546875 0.171875 0.1025390625 0.171875 0.1025390625 0.15625 0.1044921875 0.1484375
0 0.78515625 0.28125 0.7880859375 0.2890625 0.7880859375 0.328125 0.7900390625 0.3359375 0.7880859375 0.34375 0.7900390625 0.3671875 0.7890625 0.5234375 0.78515625 0.5234375 0.78515625 0.2890625
0 0.760742 0.367188 0.763672 0.367188 0.763672 0.539062 0.760742 0.539062
