2 0.62793 0.304688 0.634766 0.304688 0.634766 0.484375 0.62793 0.484375
0 0.587890625 0.53125 0.58984375 0.53125 0.58984375 0.609375 0.5859375 0.59375 0.5888671875 0.578125 0.587890625 0.5390625
0 0.601562 0.460938 0.606445 0.460938 0.606445 0.625 0.601562 0.625
2 0.6455078125 0.390625 0.6484375 0.3984375 0.6474609375 0.5 0.646484375 0.3984375
0 0.0068359375 0.453125 0.009765625 0.4453125 0.009765625 0.59375 0.0078125 0.578125 0.0078125 0.453125
0 0.0205078125 0.4609375 0.0224609375 0.4921875 0.0205078125 0.5625 0.021484375 0.4921875 0.01953125 0.46875
0 0.6630859375 0.40625 0.6669921875 0.4140625 0.6650390625 0.4375 0.6669921875 0.4921875 0.6650390625 0.7109375 0.662109375 0.6171875 0.662109375 0.546875 0.6640625 0.53125 0.6630859375 0.4140625
0 0.8759765625 0.640625 0.876953125 0.7734375 0.8720703125 0.7734375 0.8720703125 0.6640625 0.875 0.6484375
0 0.9814453125 0.40625 0.9833984375 0.421875 0.9814453125 0.4453125 0.9833984375 0.5078125 0.9814453125 0.515625 0.982421875 0.5546875 0.9814453125 0.5390625 0.98046875 0.5625 0.9794921875 0.4921875 0.9814453125 0.4140625
2 0.9794921875 0.3671875 0.984375 0.375 0.984375 0.4140625 0.984375 0.3828125 0.9794921875 0.375
