2 0.58984375 0.34375 0.591796875 0.34375 0.5927734375 0.359375 0.5927734375 0.546875 0.5908203125 0.34375
0 0.3232421875 0.484375 0.3251953125 0.5390625 0.3232421875 0.5546875 0.3251953125 0.5625 0.32421875 0.578125 0.322265625 0.578125 0.3232421875 0.4921875
0 0.353515625 0.484375 0.3564453125 0.53125 0.3564453125 0.5625 0.34765625 0.5625 0.3515625 0.53125 0.349609375 0.5 0.3525390625 0.4921875
0 0.3798828125 0.484375 0.3818359375 0.4921875 0.380859375 0.53125 0.3828125 0.546875 0.3818359375 0.5703125 0.37890625 0.5625 0.37890625 0.515625 0.3759765625 0.515625 0.3759765625 0.5 0.3779296875 0.5078125 0.380859375 0.4921875
3 0.8486328125 0.515625 0.853515625 0.515625 0.8544921875 0.53125 0.8544921875 0.546875 0.8515625 0.5546875 0.8505859375 0.609375 0.8505859375 0.5546875 0.8486328125 0.546875 0.8486328125 0.5234375
2 0.87109375 0.7734375 0.873046875 0.8046875 0.875 0.7890625 0.8779296875 0.7890625 0.875 0.8046875 0.8779296875 0.8046875 0.875 0.84375 0.8779296875 0.84375 0.8759765625 0.859375 0.876953125 0.8671875 0.87890625 0.859375 0.875 0.875 0.8779296875 0.8828125 0.8759765625 0.890625 0.8779296875 0.8984375 0.8779296875 0.9140625 0.8759765625 0.921875 0.880859375 0.9453125 0.8759765625 0.953125 0.8828125 0.9765625 0.884765625 0.9609375 0.884765625 0.9375 0.8818359375 0.921875 0.8837890625 0.9296875 0.8857421875 0.90625 0.884765625 0.9609375 0.88671875 0.96875 0.8837890625 0.9765625 0.88671875 0.984375 0.8779296875 0.9921875 0.8759765625 0.953125 0.8740234375 0.953125 0.873046875 0.9765625 0.87109375 0.9609375 0.869140625 0.9921875 0.8681640625 0.9765625 0.8671875 0.984375 0.873046875 0.921875 0.87109375 0.9140625 0.87109375 0.8671875 0.8662109375 0.8984375 0.8701171875 0.859375 0.869140625 0.8515625 0.87109375 0.8515625 0.869140625 0.8359375 0.873046875 0.8203125 0.87109375 0.8125 0.8720703125 0.8046875 0.8701171875 0.78125
2 0.900390625 0.3203125 0.904296875 0.3125 0.9013671875 0.328125 0.900390625 0.5859375 0.9013671875 0.328125
2 0.966796875 0.4296875 0.9697265625 0.4296875 0.96875 0.53125 0.9677734375 0.4296875
3 0.92578125 0.515625 0.927734375 0.515625 0.9287109375 0.578125 0.9287109375 0.59375 0.9248046875 0.59375 0.927734375 0.5859375 0.92578125 0.5234375
3 0.501953125 0.5 0.4990234375 0.515625 0.501953125 0.53125 0.5185546875 0.53125 0.517578125 0.5
