3 0.6005859375 0.4609375 0.607421875 0.4609375 0.607421875 0.4921875 0.6025390625 0.5078125 0.603515625 0.5 0.6005859375 0.4921875 0.6005859375 0.46875
2 0.361328125 0.2265625 0.3662109375 0.234375 0.3642578125 0.2421875 0.3642578125 0.53125 0.3642578125 0.2421875 0.3623046875 0.234375
0 0.740234375 0.3828125 0.7431640625 0.3984375 0.7412109375 0.40625 0.7431640625 0.421875 0.7412109375 0.46875 0.7431640625 0.4921875 0.7412109375 0.5078125 0.7421875 0.53125 0.740234375 0.5390625 0.740234375 0.390625
0 0.1376953125 0.421875 0.1396484375 0.4375 0.138671875 0.4609375 0.140625 0.46875 0.138671875 0.484375 0.138671875 0.6171875 0.13671875 0.625 0.1376953125 0.609375 0.1337890625 0.59375 0.1376953125 0.5859375 0.1337890625 0.5546875 0.1376953125 0.5234375 0.1357421875 0.5 0.134765625 0.5078125 0.134765625 0.4921875 0.1376953125 0.4921875 0.13671875 0.4609375 0.138671875 0.453125 0.13671875 0.4296875 0.134765625 0.4296875 0.13671875 0.4296875
0 0.15625 0.5078125 0.1591796875 0.4609375 0.158203125 0.5859375 0.1572265625 0.5078125
3 0.1943359375 0.3984375 0.232421875 0.3984375 0.2333984375 0.4140625 0.232421875 0.5078125 0.216796875 0.5078125 0.216796875 0.5703125 0.212890625 0.578125 0.208984375 0.5625 0.2109375 0.5546875 0.2080078125 0.515625 0.1884765625 0.5078125 0.1943359375 0.4921875 0.1943359375 0.40625
0 0.87109375 0.1875 0.8740234375 0.1875 0.873046875 0.46875 0.8759765625 0.484375 0.8759765625 0.5 0.873046875 0.5078125 0.873046875 0.53125 0.875 0.546875 0.875 0.6875 0.8701171875 0.7109375 0.8720703125 0.6953125 0.8720703125 0.625 0.8701171875 0.6015625 0.87109375 0.5625 0.869140625 0.546875 0.8701171875 0.4765625 0.8681640625 0.46875 0.869140625 0.4296875 0.8720703125 0.40625 0.8701171875 0.390625 0.87109375 0.3515625 0.869140625 0.3359375 0.87109375 0.3203125 0.87109375 0.3046875 0.869140625 0.296875 0.87109375 0.28125 0.87109375 0.1953125
0 0.7646484375 0.3359375 0.7685546875 0.328125 0.7685546875 0.3515625 0.7666015625 0.3671875 0.7685546875 0.375 0.7666015625 0.4140625 0.7685546875 0.421875 0.7685546875 0.484375 0.765625 0.4921875 0.7685546875 0.53125 0.7646484375 0.5390625 0.7646484375 0.5 0.7666015625 0.484375 0.7646484375 0.34375
2 0.6318359375 0.3671875 0.634765625 0.3671875 0.6337890625 0.4765625 0.6357421875 0.4921875 0.6357421875 0.515625 0.6337890625 0.515625 0.6357421875 0.5078125 0.6337890625 0.5 0.6328125 0.375
0 0.0791015625 0.296875 0.078125 0.3125 0.080078125 0.3125 0.0810546875 0.328125 0.0791015625 0.34375 0.080078125 0.3515625 0.078125 0.3828125 0.08203125 0.3828125 0.078125 0.40625 0.08203125 0.421875 0.078125 0.421875 0.0791015625 0.4921875 0.0771484375 0.5 0.080078125 0.5078125 0.0771484375 0.515625 0.080078125 0.546875 0.0771484375 0.5625 0.080078125 0.5625 0.078125 0.578125 0.0791015625 0.609375 0.0771484375 0.625 0.078125 0.6796875 0.076171875 0.6875 0.078125 0.6953125 0.0751953125 0.6953125 0.078125 0.671875 0.0771484375 0.6640625 0.07421875 0.6796875 0.078125 0.65625 0.0771484375 0.640625 0.07421875 0.65625 0.078125 0.6328125 0.0751953125 0.6328125 0.078125 0.5859375 0.0771484375 0.578125 0.07421875 0.59375 0.078125 0.5703125 0.07421875 0.5703125 0.0791015625 0.546875 0.0771484375 0.5390625 0.07421875 0.5546875 0.078125 0.53125 0.0751953125 0.53125 0.0751953125 0.515625 0.0791015625 0.484375 0.0771484375 0.4765625 0.0751953125 0.4921875 0.0771484375 0.4609375 0.076171875 0.453125 0.0791015625 0.4296875 0.076171875 0.4296875 0.0791015625 0.4140625 0.0771484375 0.40625 0.0771484375 0.390625 0.0791015625 0.375 0.078125 0.359375 0.080078125 0.3515625 0.078125 0.34375 0.078125 0.3046875
