1 0.8349609375 0.5859375 0.841796875 0.6015625 0.8408203125 0.6171875 0.8486328125 0.6875 0.8486328125 0.703125 0.84375 0.71875 0.83203125 0.71875 0.8271484375 0.734375 0.8291015625 0.765625 0.8291015625 0.8046875 0.8369140625 0.8984375 0.8359375 0.90625 0.8330078125 0.90625 0.828125 0.8671875 0.8193359375 0.7421875 0.7958984375 0.7421875 0.7919921875 0.6875 0.7919921875 0.671875 0.7958984375 0.65625 0.794921875 0.640625 0.79296875 0.640625 0.83203125 0.609375 0.8349609375 0.59375
2 0.9150390625 0.2734375 0.921875 0.265625 0.9208984375 0.3046875 0.9248046875 0.34375 0.92578125 0.3828125 0.9326171875 0.4765625 0.9326171875 0.5 0.935546875 0.5234375 0.9345703125 0.546875 0.9306640625 0.5234375 0.931640625 0.5078125 0.9208984375 0.34375 0.919921875 0.3046875 0.916015625 0.2734375
2 0.2333984375 0.25 0.23828125 0.25 0.2353515625 0.2734375 0.23046875 0.4296875 0.228515625 0.4296875 0.23046875 0.3515625 0.2333984375 0.3125 0.2333984375 0.2578125
0 0.667969 0.632812 0.670898 0.632812 0.670898 0.742188 0.667969 0.742188
0 0.63671875 0.6484375 0.6357421875 0.7421875 0.6357421875 0.65625
0 0.6064453125 0.6484375 0.607421875 0.703125 0.60546875 0.75 0.6064453125 0.7578125 0.6044921875 0.7734375 0.60546875 0.6796875 0.607421875 0.65625
0 0.560546875 0.640625 0.5634765625 0.640625 0.560546875 0.6640625 0.5595703125 0.71875 0.556640625 0.7578125 0.556640625 0.7265625 0.560546875 0.6484375
0 0.517578125 0.6171875 0.51171875 0.734375 0.5166015625 0.625
0 0.4072265625 0.5078125 0.404296875 0.5625 0.40625 0.515625
0 0.4501953125 0.546875 0.4453125 0.625 0.44921875 0.5546875
