2 0.2685546875 0 0.2763671875 0 0.2783203125 0.046875 0.2763671875 0.1015625 0.2763671875 0.2890625 0.2783203125 0.328125 0.27734375 0.390625 0.2802734375 0.3984375 0.2841796875 0.4921875 0.2841796875 0.5390625 0.28125 0.5625 0.2783203125 0.6328125 0.2802734375 0.765625 0.279296875 0.8359375 0.2802734375 0.84375 0.283203125 0.8203125 0.2861328125 0.8359375 0.2861328125 0.8671875 0.28515625 0.8515625 0.2841796875 0.8671875 0.28125 0.8671875 0.2802734375 0.8515625 0.279296875 0.859375 0.279296875 0.9140625 0.27734375 0.921875 0.2763671875 0.90625 0.271484375 0.921875 0.26953125 0.8984375 0.2685546875 0.90625 0.2705078125 0.8828125 0.2705078125 0.8203125 0.2685546875 0.8046875 0.2705078125 0.6640625 0.26953125 0.6171875 0.271484375 0.59375 0.271484375 0.578125 0.26953125 0.578125 0.271484375 0.4921875 0.2685546875 0.4765625 0.271484375 0.46875 0.2685546875 0.421875 0.2705078125 0.40625 0.2685546875 0.3828125 0.2705078125 0.375 0.2685546875 0.359375 0.2685546875 0.3046875 0.2705078125 0.2890625 0.2685546875 0.21875 0.2705078125 0.171875 0.267578125 0.09375 0.26953125 0.09375 0.2685546875 0.0078125
2 0.5400390625 0.328125 0.5625 0.3359375 0.5615234375 0.3515625 0.5517578125 0.3515625 0.552734375 0.5546875 0.55078125 0.546875 0.5498046875 0.4609375 0.55078125 0.3515625 0.5400390625 0.3359375
2 0.0537109375 0.390625 0.056640625 0.40625 0.0615234375 0.40625 0.0537109375 0.4375 0.0556640625 0.5390625 0.0556640625 0.5546875 0.0537109375 0.5546875 0.0537109375 0.4609375 0.0498046875 0.453125 0.052734375 0.4296875 0.0537109375 0.3984375
2 0.921875 0.4296875 0.92578125 0.4296875 0.921875 0.4453125 0.9228515625 0.5234375 0.921875 0.4375
2 0.1923828125 0.453125 0.193359375 0.546875 0.1923828125 0.4765625 0.189453125 0.46875 0.19140625 0.4609375
3 0.611328125 0.4453125 0.611328125 0.5078125 0.6083984375 0.5234375 0.609375 0.5625 0.607421875 0.5625 0.607421875 0.5234375 0.6044921875 0.5078125 0.603515625 0.453125 0.6103515625 0.453125
3 0.564453125 0.46875 0.5654296875 0.5078125 0.5625 0.515625 0.5625 0.5703125 0.5595703125 0.5546875 0.5615234375 0.53125 0.5595703125 0.5078125 0.5595703125 0.4765625 0.5634765625 0.46875
3 0.5 0.4921875 0.505859375 0.5 0.5048828125 0.546875 0.501953125 0.546875 0.5 0.5
2 0.8095703125 0.171875 0.810546875 0.1875 0.8056640625 0.203125 0.8046875 0.2421875 0.8046875 0.2890625 0.8076171875 0.3125 0.8076171875 0.328125 0.8046875 0.3359375 0.8056640625 0.59375 0.8076171875 0.6015625 0.8076171875 0.6171875 0.8056640625 0.625 0.806640625 0.640625 0.802734375 0.640625 0.8017578125 0.625 0.802734375 0.3359375 0.7998046875 0.3203125 0.802734375 0.3046875 0.802734375 0.203125 0.80078125 0.1953125 0.80078125 0.1796875 0.80859375 0.171875
2 0.98046875 0.40625 0.986328125 0.421875 0.982421875 0.46875 0.982421875 0.5234375 0.98046875 0.515625 0.98046875 0.4375 0.9775390625 0.4296875 0.9775390625 0.4140625 0.9794921875 0.40625
2 0.4404296875 0.3984375 0.447265625 0.3984375 0.443359375 0.453125 0.4423828125 0.5234375 0.4404296875 0.515625 0.4404296875 0.40625
2 0.22265625 0.3359375 0.232421875 0.3359375 0.2314453125 0.5546875 0.2294921875 0.546875 0.2294921875 0.3671875 0.2236328125 0.359375 0.22265625 0.34375
