2 0 0.28125 0.0009765625 0.2578125 0.0087890625 0.2578125 0.0087890625 0.2734375 0.00390625 0.2734375 0 0.2890625
2 0.994140625 0.25 0.99609375 0.265625 0.9990234375 0.265625 0.9990234375 0.2890625 0.9951171875 0.3046875 0.9970703125 0.3203125 0.99609375 0.4609375 0.9970703125 0.5 0.9990234375 0.515625 0.9990234375 0.5546875 0.9970703125 0.5703125 0.9990234375 0.578125 0.9990234375 0.59375 0.9970703125 0.6015625 0.9970703125 0.6171875 0.9951171875 0.6171875 0.9951171875 0.3828125 0.98828125 0.3671875 0.994140625 0.34375 0.994140625 0.2578125
2 0.5830078125 0.3828125 0.5703125 0.3828125 0.5712890625 0.3984375 0.576171875 0.3984375 0.5703125 0.4140625 0.5703125 0.46875 0.5732421875 0.484375 0.5732421875 0.5078125 0.5703125 0.5234375 0.5703125 0.5859375 0.568359375 0.578125 0.568359375 0.53125 0.564453125 0.53125 0.564453125 0.484375 0.568359375 0.4765625 0.568359375 0.4140625 0.5625 0.40625 0.568359375 0.390625 0.568359375 0.34375 0.5703125 0.3359375 0.5712890625 0.3515625 0.5771484375 0.3671875 0.5869140625 0.3671875 0.583984375 0.375
2 0.6669921875 0.3515625 0.6669921875 0.3984375 0.671875 0.40625 0.671875 0.421875 0.6669921875 0.4296875 0.6669921875 0.5390625 0.6650390625 0.5234375 0.6650390625 0.3828125 0.6552734375 0.3671875 0.666015625 0.3515625
2 0.1923828125 0.40625 0.193359375 0.4921875 0.1953125 0.5 0.193359375 0.546875 0.1904296875 0.5234375 0.1904296875 0.5 0.1923828125 0.4921875 0.1923828125 0.4375 0.18359375 0.4296875 0.19140625 0.4140625
2 0.853515625 0.4140625 0.8564453125 0.4140625 0.853515625 0.4296875 0.853515625 0.5234375 0.853515625 0.421875
2 0.0634765625 0.421875 0.0693359375 0.421875 0.0693359375 0.4375 0.06640625 0.4453125 0.06640625 0.515625 0.0654296875 0.4375 0.0634765625 0.4296875
2 0.244140625 0.4375 0.2490234375 0.4296875 0.2490234375 0.5546875 0.248046875 0.4609375 0.244140625 0.4453125
3 0.599609375 0.46875 0.603515625 0.46875 0.603515625 0.5078125 0.6015625 0.515625 0.6025390625 0.53125 0.599609375 0.4765625
2 0.18359375 0.1171875 0.2080078125 0.125 0.2177734375 0.09375 0.220703125 0.109375 0.2197265625 0.125 0.2216796875 0.5234375 0.22265625 0.578125 0.224609375 0.6015625 0.2236328125 0.7578125 0.220703125 0.7578125 0.220703125 0.59375 0.21875 0.5625 0.216796875 0.140625 0.1689453125 0.140625 0.1669921875 0.125 0.1689453125 0.109375 0.1826171875 0.1171875
2 0.1376953125 0.421875 0.1435546875 0.4375 0.1357421875 0.4453125 0.1357421875 0.4921875 0.1376953125 0.5 0.1376953125 0.5234375 0.1357421875 0.53125 0.13671875 0.546875 0.134765625 0.546875 0.134765625 0.4765625 0.1318359375 0.46875 0.1318359375 0.453125 0.1337890625 0.453125 0.13671875 0.421875
2 0.916015625 0.3828125 0.9287109375 0.390625 0.927734375 0.40625 0.923828125 0.4140625 0.9228515625 0.5234375 0.919921875 0.515625 0.9208984375 0.4140625 0.9169921875 0.40625 0.916015625 0.390625
