2 0.865234375 0.203125 0.8681640625 0.2265625 0.87109375 0.2109375 0.8720703125 0.21875 0.873046875 0.3203125 0.87890625 0.3359375 0.873046875 0.3515625 0.875 0.6171875 0.8740234375 0.6328125 0.8720703125 0.625 0.8720703125 0.4453125 0.8701171875 0.3203125 0.87109375 0.2734375 0.86328125 0.2265625 0.8583984375 0.2265625 0.859375 0.203125 0.8642578125 0.203125
2 0.205078125 0.3671875 0.20703125 0.421875 0.20703125 0.4921875 0.208984375 0.4921875 0.20703125 0.5625 0.2060546875 0.53125 0.203125 0.5234375 0.203125 0.5 0.2060546875 0.484375 0.2060546875 0.40625 0.1943359375 0.3984375 0.205078125 0.375
2 0.6552734375 0.3984375 0.6630859375 0.390625 0.6630859375 0.421875 0.6669921875 0.4375 0.6630859375 0.453125 0.6640625 0.5234375 0.662109375 0.5234375 0.662109375 0.421875 0.6552734375 0.40625
2 0.041015625 0.40625 0.048828125 0.40625 0.0458984375 0.421875 0.044921875 0.4453125 0.044921875 0.515625 0.044921875 0.421875 0.041015625 0.4140625
2 0.2841796875 0.40625 0.28515625 0.5703125 0.283203125 0.546875 0.283203125 0.4375 0.2783203125 0.421875 0.283203125 0.4140625
2 0.8203125 0.421875 0.822265625 0.421875 0.8203125 0.4375 0.8193359375 0.5234375 0.8203125 0.4296875
3 0.22265625 0.46875 0.2333984375 0.4765625 0.234375 0.5078125 0.2314453125 0.53125 0.232421875 0.5859375 0.228515625 0.59375 0.23046875 0.578125 0.23046875 0.53125 0.228515625 0.5234375 0.2236328125 0.5390625 0.2236328125 0.59375 0.2216796875 0.59375 0.2216796875 0.4765625
2 0.57421875 0 0.578125 0.0234375 0.59375 0.03125 0.6162109375 0.0234375 0.6181640625 0.0078125 0.6279296875 0 0.6328125 0 0.634765625 0.015625 0.6396484375 0.0234375 0.6337890625 0.046875 0.591796875 0.046875 0.5888671875 0.0703125 0.58203125 0.0703125 0.5771484375 0.0859375 0.5771484375 0.125 0.5751953125 0.15625 0.5751953125 0.2578125 0.5771484375 0.3203125 0.5751953125 0.375 0.5751953125 0.8203125 0.572265625 0.8125 0.5712890625 0.78125 0.5703125 0.46875 0.572265625 0.453125 0.5693359375 0.3515625 0.5703125 0.1875 0.572265625 0.15625 0.5693359375 0.0859375 0.5712890625 0.0625 0.5703125 0.015625 0.5732421875 0
2 0.533203125 0.359375 0.5341796875 0.3828125 0.529296875 0.3828125 0.52734375 0.4140625 0.5263671875 0.5390625 0.5244140625 0.5390625 0.5244140625 0.3671875 0.5322265625 0.359375
2 0.12890625 0.390625 0.1396484375 0.40625 0.1298828125 0.421875 0.1298828125 0.484375 0.1328125 0.515625 0.12890625 0.5390625 0.126953125 0.5234375 0.12890625 0.4609375 0.126953125 0.4453125 0.1240234375 0.4453125 0.12890625 0.4296875 0.12890625 0.3984375
2 0.9814453125 0.3828125 0.982421875 0.390625 0.98046875 0.40625 0.9755859375 0.4140625 0.974609375 0.515625 0.97265625 0.515625 0.97265625 0.390625 0.98046875 0.3828125
