2 0.83203125 0.2734375 0.83203125 0.359375 0.8388671875 0.3671875 0.8388671875 0.3828125 0.83203125 0.390625 0.83203125 0.4765625 0.837890625 0.515625 0.837890625 0.53125 0.83203125 0.546875 0.83203125 0.6015625 0.830078125 0.6015625 0.830078125 0.5390625 0.8271484375 0.515625 0.830078125 0.4765625 0.830078125 0.3203125 0.814453125 0.296875 0.814453125 0.28125 0.8271484375 0.2890625 0.8310546875 0.2734375
2 0.0390625 0.34375 0.05078125 0.3671875 0.0419921875 0.375 0.0400390625 0.390625 0.041015625 0.5625 0.0390625 0.5625 0.0390625 0.3515625
2 0.20703125 0.375 0.20703125 0.484375 0.2099609375 0.4921875 0.20703125 0.546875 0.2041015625 0.5078125 0.2041015625 0.4921875 0.20703125 0.484375 0.20703125 0.40625 0.197265625 0.3984375 0.2060546875 0.3828125
2 0.5810546875 0.3828125 0.5830078125 0.3984375 0.587890625 0.3984375 0.58203125 0.421875 0.58203125 0.5625 0.580078125 0.4296875 0.5810546875 0.390625
2 0.8720703125 0.390625 0.8828125 0.3828125 0.8828125 0.3984375 0.876953125 0.40625 0.876953125 0.515625 0.876953125 0.40625 0.8720703125 0.3984375
2 0.955078125 0.3828125 0.9609375 0.3828125 0.9609375 0.5078125 0.9599609375 0.3984375 0.955078125 0.390625
2 0.275390625 0.40625 0.28125 0.40625 0.2802734375 0.5546875 0.2802734375 0.421875 0.275390625 0.4140625
2 0.73046875 0.4140625 0.73046875 0.4453125 0.734375 0.453125 0.7314453125 0.46875 0.732421875 0.53125 0.728515625 0.53125 0.728515625 0.515625 0.73046875 0.5078125 0.73046875 0.4453125 0.7236328125 0.4375 0.7294921875 0.421875
3 0.07421875 0.4765625 0.0751953125 0.4921875 0.076171875 0.4765625 0.0830078125 0.484375 0.08984375 0.5390625 0.087890625 0.5390625 0.083984375 0.578125 0.0830078125 0.5703125 0.080078125 0.5859375 0.083984375 0.640625 0.0810546875 0.6484375 0.0810546875 0.6796875 0.0771484375 0.6796875 0.07421875 0.65625 0.0751953125 0.6328125 0.0732421875 0.625 0.0751953125 0.578125 0.0712890625 0.5546875 0.0703125 0.5703125 0.0673828125 0.53125 0.0703125 0.5 0.07421875 0.484375
3 0.21875 0.5390625 0.220703125 0.53125 0.21875 0.484375 0.2236328125 0.484375 0.2216796875 0.5390625 0.21875 0.546875
2 0.1416015625 0.390625 0.1513671875 0.3984375 0.1513671875 0.4140625 0.142578125 0.421875 0.142578125 0.515625 0.14453125 0.5234375 0.14453125 0.5390625 0.142578125 0.546875 0.1416015625 0.453125 0.1376953125 0.4453125 0.1416015625 0.4296875 0.1416015625 0.3984375
2 0.650390625 0.15625 0.6533203125 0.1796875 0.6650390625 0.1953125 0.681640625 0.1875 0.681640625 0.203125 0.6796875 0.2109375 0.6513671875 0.2109375 0.650390625 0.4609375 0.6533203125 0.46875 0.65234375 0.5390625 0.650390625 0.546875 0.6494140625 0.578125 0.6494140625 0.6328125 0.65234375 0.6484375 0.6474609375 0.6484375 0.646484375 0.6328125 0.6494140625 0.3203125 0.6484375 0.2734375 0.650390625 0.1640625
2 0.677734375 0.4375 0.6884765625 0.4375 0.6796875 0.4453125 0.677734375 0.53125 0.6787109375 0.4453125
