2 0.181640625 0.3828125 0.1923828125 0.390625 0.1845703125 0.4140625 0.18359375 0.4453125 0.185546875 0.5 0.18359375 0.5 0.1826171875 0.515625 0.1826171875 0.453125 0.177734375 0.4296875 0.181640625 0.4140625 0.181640625 0.390625
2 0.2373046875 0.390625 0.2412109375 0.390625 0.244140625 0.375 0.2470703125 0.390625 0.2451171875 0.4140625 0.2451171875 0.453125 0.248046875 0.5 0.2451171875 0.5234375 0.2451171875 0.4140625 0.2431640625 0.390625 0.23828125 0.390625
3 0.2578125 0.484375 0.2685546875 0.4765625 0.2724609375 0.4921875 0.271484375 0.5546875 0.26953125 0.5703125 0.26953125 0.6640625 0.263671875 0.65625 0.26171875 0.609375 0.2646484375 0.578125 0.2568359375 0.5390625 0.2578125 0.4921875
2 0.5498046875 0.2421875 0.556640625 0.2578125 0.5673828125 0.2578125 0.5546875 0.2734375 0.5517578125 0.2890625 0.552734375 0.34375 0.55078125 0.4140625 0.548828125 0.4140625 0.5498046875 0.25
3 0.5947265625 0.46875 0.6025390625 0.46875 0.6044921875 0.484375 0.6025390625 0.515625 0.59765625 0.515625 0.5947265625 0.5 0.5947265625 0.4765625
2 0.69921875 0.40625 0.703125 0.4453125 0.7001953125 0.4609375 0.7001953125 0.5078125 0.6982421875 0.5078125 0.69921875 0.4453125 0.6962890625 0.421875 0.69140625 0.421875 0.6982421875 0.40625
2 0.71484375 0.171875 0.7275390625 0.1796875 0.7431640625 0.15625 0.744140625 0.2734375 0.7587890625 0.2890625 0.7470703125 0.296875 0.7451171875 0.3125 0.744140625 0.453125 0.748046875 0.4765625 0.7490234375 0.5078125 0.744140625 0.546875 0.744140625 0.65625 0.7412109375 0.65625 0.7421875 0.6328125 0.740234375 0.546875 0.736328125 0.5078125 0.740234375 0.46875 0.740234375 0.2265625 0.736328125 0.1953125 0.70703125 0.1875 0.708984375 0.171875 0.7138671875 0.171875
2 0.7958984375 0.3984375 0.798828125 0.3984375 0.796875 0.4140625 0.796875 0.5 0.794921875 0.5 0.7958984375 0.40625
2 0.8173828125 0.4296875 0.818359375 0.5 0.81640625 0.5 0.81640625 0.4375
2 0.8662109375 0.34375 0.861328125 0.3671875 0.8623046875 0.390625 0.8603515625 0.453125 0.8623046875 0.5 0.8583984375 0.5 0.8583984375 0.3671875 0.8525390625 0.3515625 0.865234375 0.34375
2 0.8974609375 0.4296875 0.900390625 0.421875 0.900390625 0.4453125 0.8974609375 0.46875 0.8984375 0.484375 0.8974609375 0.4375
2 0.96484375 0.3359375 0.9736328125 0.34375 0.9736328125 0.4609375 0.970703125 0.46875 0.97265625 0.421875 0.9716796875 0.3515625 0.9658203125 0.3359375
2 0.9921875 0.421875 0.9970703125 0.4296875 0.994140625 0.4453125 0.994140625 0.4609375 0.9912109375 0.4609375 0.9921875 0.4296875
2 0.955078125 0.4140625 0.9599609375 0.4140625 0.9599609375 0.46875 0.9580078125 0.4296875 0.9560546875 0.421875
2 0.091796875 0.28125 0.0947265625 0.2890625 0.0966796875 0.3125 0.1025390625 0.328125 0.0947265625 0.3203125 0.0927734375 0.34375 0.0927734375 0.390625 0.0947265625 0.40625 0.0927734375 0.4296875 0.0927734375 0.4609375 0.0947265625 0.4921875 0.091796875 0.53125 0.091796875 0.5546875 0.08984375 0.5234375 0.08984375 0.3125 0.091796875 0.2890625
2 0.5390625 0.40625 0.544921875 0.4140625 0.541015625 0.4453125 0.5419921875 0.4921875 0.5400390625 0.5390625 0.5390625 0.4140625
