2 0.15625 0.203125 0.158203125 0.203125 0.1591796875 0.21875 0.1728515625 0.234375 0.181640625 0.21875 0.185546875 0.2265625 0.1845703125 0.2421875 0.1611328125 0.25 0.158203125 0.265625 0.158203125 0.578125 0.16015625 0.6171875 0.15625 0.6328125 0.15625 0.34375 0.14453125 0.3359375 0.14453125 0.3203125 0.1474609375 0.3125 0.1552734375 0.3125 0.15625 0.2109375
2 0.05859375 0.3984375 0.0595703125 0.546875 0.05859375 0.4296875 0.0556640625 0.421875 0.0576171875 0.40625
2 0.421875 0.390625 0.42578125 0.390625 0.4248046875 0.5703125 0.423828125 0.4140625 0.421875 0.3984375
2 0.2685546875 0.4453125 0.271484375 0.4453125 0.271484375 0.53125 0.271484375 0.46875 0.2685546875 0.453125
3 0.0400390625 0.4453125 0.052734375 0.4453125 0.0537109375 0.46875 0.0537109375 0.515625 0.0478515625 0.53125 0.0478515625 0.6015625 0.0498046875 0.65625 0.0478515625 0.671875 0.0478515625 0.7265625 0.0458984375 0.7265625 0.0458984375 0.6015625 0.0439453125 0.5859375 0.046875 0.5703125 0.0439453125 0.5234375 0.041015625 0.53125 0.0390625 0.515625 0.0400390625 0.453125
3 0.115234375 0.4375 0.12109375 0.4609375 0.1181640625 0.4921875 0.119140625 0.515625 0.1171875 0.515625 0.115234375 0.5390625 0.1171875 0.6484375 0.1162109375 0.625 0.115234375 0.640625 0.11328125 0.640625 0.1142578125 0.53125 0.107421875 0.4921875 0.1083984375 0.4609375 0.111328125 0.4375 0.1142578125 0.4375
3 0.234375 0.4765625 0.2353515625 0.5078125 0.2333984375 0.5234375 0.232421875 0.515625 0.2314453125 0.5390625 0.2353515625 0.5390625 0.2333984375 0.5546875 0.2333984375 0.578125 0.232421875 0.5625 0.2314453125 0.5859375 0.2294921875 0.5859375 0.2294921875 0.53125 0.2265625 0.515625 0.2236328125 0.5390625 0.224609375 0.5625 0.21875 0.5625 0.2197265625 0.5390625 0.2177734375 0.5390625 0.216796875 0.4921875 0.2333984375 0.4765625
3 0.33203125 0.59375 0.3310546875 0.53125 0.328125 0.5078125 0.328125 0.4765625 0.330078125 0.4609375 0.3330078125 0.4609375 0.333984375 0.4765625 0.333984375 0.5078125 0.33203125 0.5234375 0.33203125 0.5859375
3 0.3173828125 0.484375 0.3193359375 0.4921875 0.3193359375 0.5234375 0.31640625 0.5390625 0.31640625 0.6015625 0.314453125 0.6015625 0.314453125 0.5390625 0.3115234375 0.515625 0.3115234375 0.4921875 0.31640625 0.484375
2 0.3154296875 0.2421875 0.3173828125 0.2578125 0.3173828125 0.4765625 0.3134765625 0.4609375 0.3125 0.296875 0.296875 0.28125 0.296875 0.2578125 0.298828125 0.25 0.314453125 0.2421875
3 0.658203125 0.5078125 0.6650390625 0.5 0.6689453125 0.5234375 0.6689453125 0.5390625 0.6650390625 0.5625 0.6669921875 0.5703125 0.6650390625 0.6015625 0.66015625 0.609375 0.6611328125 0.59375 0.6591796875 0.578125 0.6611328125 0.5625 0.6572265625 0.53125 0.65625 0.5390625 0.65625 0.5234375 0.658203125 0.515625
2 0.638671875 0.390625 0.6484375 0.40625 0.6396484375 0.421875 0.638671875 0.4921875 0.6416015625 0.5 0.6416015625 0.5234375 0.6396484375 0.5234375 0.6376953125 0.5546875 0.63671875 0.5 0.638671875 0.4921875 0.638671875 0.3984375
2 0.69921875 0.40625 0.7060546875 0.40625 0.7109375 0.390625 0.7109375 0.4296875 0.7158203125 0.4375 0.7109375 0.4609375 0.712890625 0.5234375 0.7099609375 0.5625 0.70703125 0.515625 0.7099609375 0.484375 0.7099609375 0.4296875 0.705078125 0.4140625 0.69921875 0.4140625
3 0.787109375 0.46875 0.7890625 0.4765625 0.7890625 0.5078125 0.7861328125 0.53125 0.7841796875 0.5859375 0.78515625 0.546875 0.7822265625 0.5234375 0.78125 0.484375 0.783203125 0.46875 0.7861328125 0.46875
2 0.841796875 0.2421875 0.84765625 0.2578125 0.865234375 0.2578125 0.8642578125 0.2734375 0.8515625 0.2734375 0.84375 0.2890625 0.84375 0.6171875 0.841796875 0.6171875 0.8408203125 0.3984375 0.8359375 0.390625 0.8408203125 0.375 0.841796875 0.25
3 0.962890625 0.4296875 0.9658203125 0.53125 0.9609375 0.5390625 0.9609375 0.5859375 0.958984375 0.5546875 0.9599609375 0.5390625 0.955078125 0.5234375 0.955078125 0.4375 0.9619140625 0.4375
2 0.91796875 0.421875 0.9248046875 0.4296875 0.9189453125 0.4453125 0.91796875 0.5234375 0.91796875 0.4296875
2 0.974609375 0.4453125 0.978515625 0.4375 0.9775390625 0.5234375 0.9775390625 0.4609375 0.974609375 0.453125
3 0.8798828125 0.4453125 0.8818359375 0.484375 0.87890625 0.53125 0.87890625 0.578125 0.87890625 0.5078125 0.875 0.484375 0.875 0.453125 0.87890625 0.4453125
