2 0.052734375 0 0.0751953125 0 0.119140625 0.0625 0.1181640625 0.078125 0.1123046875 0.078125 0.1064453125 0.0546875 0.091796875 0.0546875 0.091796875 0.21875 0.08984375 0.3046875 0.091796875 0.3203125 0.091796875 0.40625 0.09375 0.421875 0.091796875 0.4296875 0.091796875 0.4453125 0.0947265625 0.4609375 0.0947265625 0.4765625 0.0908203125 0.5 0.0927734375 0.5390625 0.091796875 0.65625 0.0849609375 0.6484375 0.0869140625 0.609375 0.0869140625 0.5234375 0.0849609375 0.4921875 0.0869140625 0.4296875 0.0849609375 0.4140625 0.0849609375 0.3515625 0.0859375 0.3125 0.087890625 0.296875 0.087890625 0.0546875 0.0849609375 0.03125 0.076171875 0.015625 0.0537109375 0
2 0.130859375 0.375 0.140625 0.3828125 0.1376953125 0.4140625 0.1376953125 0.453125 0.1396484375 0.4609375 0.1396484375 0.5234375 0.1357421875 0.515625 0.13671875 0.390625 0.1318359375 0.375
2 0.1669921875 0.4375 0.171875 0.4375 0.171875 0.515625 0.169921875 0.515625 0.1708984375 0.484375 0.16796875 0.4453125
3 0.244140625 0.515625 0.2470703125 0.578125 0.2451171875 0.6015625 0.244140625 0.65625 0.244140625 0.8046875 0.240234375 0.8046875 0.2392578125 0.78125 0.2392578125 0.6640625 0.2412109375 0.59375 0.2431640625 0.578125 0.2431640625 0.5234375
3 0.3935546875 0.4609375 0.3955078125 0.484375 0.3916015625 0.5078125 0.3916015625 0.5390625 0.3876953125 0.578125 0.388671875 0.7109375 0.38671875 0.71875 0.3818359375 0.6953125 0.3828125 0.65625 0.380859375 0.6015625 0.3828125 0.59375 0.3828125 0.5625 0.376953125 0.5 0.3779296875 0.4765625 0.3818359375 0.4609375 0.392578125 0.4609375
2 0.4638671875 0.3203125 0.46484375 0.328125 0.4580078125 0.328125 0.453125 0.34375 0.453125 0.3984375 0.455078125 0.4140625 0.453125 0.4296875 0.453125 0.5390625 0.451171875 0.53125 0.4521484375 0.4296875 0.4482421875 0.4140625 0.451171875 0.3984375 0.451171875 0.34375 0.44921875 0.3359375 0.462890625 0.3203125
3 0.810546875 0.421875 0.8134765625 0.4453125 0.8076171875 0.5078125 0.8095703125 0.515625 0.8095703125 0.5859375 0.8076171875 0.5859375 0.8056640625 0.5625 0.806640625 0.484375 0.8037109375 0.4296875 0.8095703125 0.421875
2 0.86328125 0.3828125 0.869140625 0.3828125 0.8662109375 0.40625 0.8671875 0.53125 0.8642578125 0.53125 0.8642578125 0.390625
3 0.9248046875 0.4765625 0.9248046875 0.4296875 0.927734375 0.4140625 0.9365234375 0.4140625 0.9404296875 0.4296875 0.9404296875 0.4765625 0.935546875 0.5078125 0.935546875 0.6328125 0.93359375 0.6015625 0.9345703125 0.53125 0.9306640625 0.4921875 0.927734375 0.4921875 0.92578125 0.4765625
2 0.9384765625 0.3671875 0.9482421875 0.375 0.9453125 0.40625 0.9462890625 0.515625 0.9443359375 0.515625 0.9453125 0.484375 0.9404296875 0.453125 0.943359375 0.40625 0.9404296875 0.375 0.9384765625 0.375
3 0.529296875 0.453125 0.5322265625 0.4375 0.54296875 0.4375 0.5458984375 0.453125 0.5458984375 0.4765625 0.5390625 0.53125 0.5400390625 0.625 0.537109375 0.640625 0.53515625 0.609375 0.5361328125 0.515625 0.5302734375 0.4921875 0.529296875 0.4609375
