2 0.2021484375 0.640625 0.2021484375 0.578125 0.19921875 0.5625 0.19921875 0.5390625 0.2021484375 0.5234375 0.2041015625 0.2578125 0.2080078125 0.234375 0.2138671875 0.2265625 0.2216796875 0.2265625 0.2216796875 0.2421875 0.2080078125 0.25 0.205078125 0.2734375 0.2060546875 0.3125 0.2041015625 0.375 0.2041015625 0.5234375 0.20703125 0.53125 0.20703125 0.5546875 0.203125 0.578125 0.203125 0.6328125
2 0.4052734375 0.2734375 0.4111328125 0.3046875 0.4072265625 0.5078125 0.4072265625 0.5234375 0.4111328125 0.5390625 0.4111328125 0.5625 0.4091796875 0.578125 0.4111328125 0.625 0.41015625 0.65625 0.4091796875 0.6328125 0.4072265625 0.6328125 0.40625 0.671875 0.4033203125 0.671875 0.4013671875 0.65625 0.4013671875 0.640625 0.40234375 0.6484375 0.404296875 0.6328125 0.4013671875 0.6015625 0.4013671875 0.5703125 0.40625 0.5234375 0.41015625 0.3125 0.408203125 0.296875 0.3974609375 0.28125 0.3984375 0.265625 0.404296875 0.2734375
2 0.958984375 0.3203125 0.9599609375 0.34375 0.9580078125 0.59375 0.9560546875 0.5078125 0.9580078125 0.4609375 0.9580078125 0.34375 0.9560546875 0.328125 0.9580078125 0.3203125
2 0.864258 0.390625 0.869141 0.390625 0.869141 0.570312 0.864258 0.570312
2 0.5947265625 0.5078125 0.5947265625 0.5703125 0.5966796875 0.578125 0.5927734375 0.5859375 0.5947265625 0.515625
3 0.4267578125 0.734375 0.435546875 0.734375 0.4375 0.7421875 0.4384765625 0.7734375 0.4326171875 0.828125 0.4267578125 0.8359375 0.42578125 0.8515625 0.4287109375 0.875 0.4267578125 0.890625 0.4228515625 0.890625 0.4248046875 0.84375 0.4228515625 0.828125 0.421875 0.8515625 0.41796875 0.84375 0.416015625 0.8203125 0.4130859375 0.828125 0.4150390625 0.8046875 0.4150390625 0.7734375 0.42578125 0.7421875
3 0.51171875 0.5234375 0.5166015625 0.5390625 0.5166015625 0.5703125 0.5146484375 0.5703125 0.5126953125 0.59375 0.513671875 0.703125 0.51171875 0.71875 0.51171875 0.53125
2 0.580078125 0.421875 0.5771484375 0.453125 0.5771484375 0.5234375 0.5791015625 0.53125 0.580078125 0.5625 0.5771484375 0.578125 0.576171875 0.6484375 0.576171875 0.578125 0.57421875 0.5625 0.57421875 0.53125 0.5771484375 0.5078125 0.5771484375 0.375 0.5888671875 0.375 0.5791015625 0.375 0.5791015625 0.421875
1 0.640625 0.4609375 0.654296875 0.4609375 0.6572265625 0.4765625 0.65625 0.5859375 0.65625 0.5234375 0.654296875 0.4765625 0.640625 0.46875
3 0.685546875 0.4921875 0.69140625 0.5 0.69140625 0.5546875 0.6884765625 0.6171875 0.689453125 0.6484375 0.693359375 0.6796875 0.6953125 0.6796875 0.697265625 0.7109375 0.6923828125 0.734375 0.69140625 0.78125 0.693359375 0.84375 0.6904296875 0.84375 0.6865234375 0.8203125 0.6875 0.734375 0.68359375 0.71875 0.681640625 0.6875 0.685546875 0.6640625 0.685546875 0.6171875 0.6826171875 0.5859375 0.6875 0.5625 0.685546875 0.5
1 0.8525390625 0.359375 0.8544921875 0.390625 0.853515625 0.4296875 0.85546875 0.4765625 0.85546875 0.5234375 0.853515625 0.5390625 0.8544921875 0.546875 0.8525390625 0.5625 0.8525390625 0.59375 0.8486328125 0.5703125 0.8486328125 0.453125 0.8466796875 0.40625 0.8447265625 0.390625 0.8369140625 0.3984375 0.8330078125 0.3828125 0.8349609375 0.359375 0.8466796875 0.3515625 0.8505859375 0.3359375 0.8515625 0.359375
1 0.390625 0 0.431640625 0.078125 0.435546875 0.1171875 0.44140625 0.1484375 0.462890625 0.1953125 0.478515625 0.2578125 0.486328125 0.2734375 0.4892578125 0.296875 0.4873046875 0.3125 0.486328125 0.453125 0.486328125 0.484375 0.4892578125 0.5234375 0.4853515625 0.5859375 0.4873046875 0.6171875 0.4873046875 0.6640625 0.4853515625 0.6796875 0.4853515625 0.703125 0.4833984375 0.7109375 0.4833984375 0.75 0.4794921875 0.765625 0.4833984375 0.7890625 0.48046875 0.8515625 0.4814453125 0.8828125 0.4794921875 0.8984375 0.48046875 0.90625 0.478515625 0.953125 0.474609375 0.953125 0.4697265625 0.9765625 0.466796875 0.9453125 0.47265625 0.8828125 0.4716796875 0.8359375 0.4736328125 0.8046875 0.46875 0.765625 0.466796875 0.765625 0.47265625 0.7578125 0.470703125 0.7421875 0.466796875 0.7421875 0.466796875 0.7265625 0.47265625 0.6953125 0.4697265625 0.6796875 0.4736328125 0.65625 0.47265625 0.625 0.474609375 0.609375 0.474609375 0.5859375 0.4697265625 0.578125 0.470703125 0.5546875 0.46875 0.546875 0.470703125 0.515625 0.4697265625 0.4921875 0.4755859375 0.46875 0.4755859375 0.34375 0.4775390625 0.3203125 0.4736328125 0.28125 0.4697265625 0.28125 0.4599609375 0.2421875 0.443359375 0.203125 0.4326171875 0.1953125 0.4287109375 0.21875 0.4189453125 0.21875 0.4150390625 0.203125 0.41015625 0.203125 0.408203125 0.1875 0.40234375 0.1875 0.388671875 0.15625 0.36328125 0.1328125 0.357421875 0.1015625 0.3603515625 0.0703125 0.359375 0.0625 0.3447265625 0.0390625 0.2998046875 0.015625 0.24609375 0.0234375 0.1875 0.0859375 0.185546875 0.1015625 0.185546875 0.1328125 0.1669921875 0.1953125 0.1435546875 0.2109375 0.140625 0.1875 0.13671875 0.1796875 0.125 0.203125 0.119140625 0.21875 0.109375 0.3046875 0.095703125 0.3125 0.0888671875 0.3359375 0.0810546875 0.3359375 0.078125 0.359375 0.0771484375 0.4140625 0.0791015625 0.4375 0.0751953125 0.4609375 0.078125 0.46875 0.076171875 0.4765625 0.0771484375 0.484375 0.08203125 0.484375 0.078125 0.65625 0.0830078125 0.6875 0.08203125 0.703125 0.076171875 0.7109375 0.072265625 0.6796875 0.07421875 0.65625 0.07421875 0.6171875 0.072265625 0.59375 0.0732421875 0.4453125 0.0712890625 0.4375 0.0712890625 0.34375 0.0810546875 0.3046875 0.0849609375 0.2734375 0.0849609375 0.2421875 0.0908203125 0.1953125 0.107421875 0.125 0.11328125 0.1171875 0.115234375 0.125 0.115234375 0.1640625 0.1171875 0.1796875 0.123046875 0.1796875 0.1279296875 0.15625 0.13671875 0.1484375 0.1474609375 0.09375 0.16015625 0.0859375 0.1796875 0.0390625 0.2080078125 0.0078125 0.3896484375 0
