2 0.8037109375 0.1796875 0.806640625 0.1875 0.8056640625 0.234375 0.80078125 0.34375 0.80078125 0.3984375 0.7978515625 0.46875 0.796875 0.484375 0.7958984375 0.46875 0.798828125 0.3984375 0.7978515625 0.3828125 0.7998046875 0.3671875 0.8056640625 0.203125 0.8037109375 0.1875
2 0.630859375 0.21875 0.6396484375 0.203125 0.638671875 0.21875 0.6337890625 0.21875 0.6318359375 0.234375 0.6396484375 0.4453125 0.6396484375 0.484375 0.630859375 0.2734375 0.630859375 0.2265625
2 0.0771484375 0.453125 0.0849609375 0.4609375 0.083984375 0.515625 0.0791015625 0.59375 0.080078125 0.6328125 0.078125 0.671875 0.076171875 0.6796875 0.072265625 0.6640625 0.0732421875 0.625 0.0791015625 0.578125 0.083984375 0.4921875 0.0830078125 0.46875 0.0771484375 0.4609375
2 0.2021484375 0.5546875 0.2021484375 0.5078125 0.2041015625 0.4921875 0.212890625 0.484375 0.212890625 0.5 0.205078125 0.5 0.203125 0.515625 0.2021484375 0.6328125 0.2041015625 0.6484375 0.2041015625 0.6796875 0.2021484375 0.6796875 0.2001953125 0.703125 0.2001953125 0.75 0.19921875 0.6484375 0.201171875 0.625 0.2021484375 0.5625
1 0 0.4296875 0.009765625 0.4296875 0.013671875 0.453125 0.0224609375 0.453125 0.0283203125 0.46875 0.0322265625 0.4453125 0.046875 0.453125 0.0478515625 0.484375 0.064453125 0.5 0.0625 0.5546875 0.0634765625 0.5703125 0.0615234375 0.5859375 0.0634765625 0.6015625 0.056640625 0.6484375 0.048828125 0.6484375 0.0537109375 0.6328125 0.0537109375 0.6015625 0.05859375 0.5390625 0.0546875 0.5 0.0390625 0.5078125 0.025390625 0.46875 0.01171875 0.453125 0.0087890625 0.46875 0.001953125 0.46875 0 0.4609375 0 0.4375
3 0.1708984375 0.6640625 0.1748046875 0.671875 0.1748046875 0.6875 0.171875 0.703125 0.1708984375 0.765625 0.1708984375 0.671875
3 0.283203125 0.6171875 0.287109375 0.6171875 0.287109375 0.6796875 0.2890625 0.6953125 0.2880859375 0.7265625 0.2861328125 0.734375 0.283203125 0.625
1 0.271484375 0.5703125 0.2763671875 0.5859375 0.2783203125 0.640625 0.27734375 0.671875 0.275390625 0.671875 0.2744140625 0.6015625 0.2724609375 0.5859375 0.2548828125 0.59375 0.25390625 0.578125 0.2705078125 0.5703125
3 0.4736328125 0.5078125 0.4765625 0.515625 0.484375 0.6484375 0.4814453125 0.6484375 0.4775390625 0.578125 0.47265625 0.53125 0.4736328125 0.515625
1 0.703125 0 0.7021484375 0.015625 0.705078125 0.0859375 0.7060546875 0.265625 0.7080078125 0.296875 0.7060546875 0.3203125 0.708984375 0.3359375 0.70703125 0.3515625 0.7080078125 0.359375 0.712890625 0.359375 0.7109375 0.3671875 0.712890625 0.3828125 0.7099609375 0.3984375 0.7099609375 0.4453125 0.7080078125 0.4609375 0.7099609375 0.46875 0.7080078125 0.484375 0.7099609375 0.5 0.708984375 0.5234375 0.703125 0.5234375 0.7080078125 0.515625 0.7021484375 0.4765625 0.7001953125 0.390625 0.7021484375 0.3828125 0.7001953125 0.3671875 0.7060546875 0.3515625 0.701171875 0.34375 0.703125 0.3359375 0.701171875 0.328125 0.701171875 0.3125 0.69921875 0.3125 0.7001953125 0.2734375 0.69921875 0.1953125 0.697265625 0.171875 0.6982421875 0.140625 0.6962890625 0.109375 0.6962890625 0.0625 0.693359375 0.0390625 0.6875 0.03125 0.6806640625 0.046875 0.666015625 0.0546875 0.658203125 0.0859375 0.6357421875 0.109375 0.6298828125 0.140625 0.6220703125 0.125 0.615234375 0.1640625 0.587890625 0.1953125 0.58984375 0.1796875 0.5966796875 0.171875 0.5986328125 0.15625 0.599609375 0.1171875 0.615234375 0.078125 0.619140625 0.109375 0.623046875 0.09375 0.6240234375 0.0703125 0.6337890625 0.078125 0.6416015625 0.046875 0.65234375 0.03125 0.677734375 0.03125 0.6806640625 0.015625 0.7021484375 0
3 0.89453125 0.4921875 0.8935546875 0.4609375 0.8984375 0.4609375 0.89453125 0.515625 0.8935546875 0.5
2 0.9775390625 0.4609375 0.978515625 0.4765625 0.9755859375 0.515625 0.9775390625 0.53125 0.9716796875 0.578125 0.9716796875 0.5234375 0.974609375 0.515625 0.9775390625 0.46875
1 0.9873046875 0.3671875 0.9892578125 0.4296875 0.9951171875 0.4296875 0.9990234375 0.453125 0.994140625 0.453125 0.9912109375 0.4375 0.9765625 0.453125 0.970703125 0.4375 0.9501953125 0.4296875 0.947265625 0.4609375 0.9482421875 0.4765625 0.9453125 0.515625 0.9404296875 0.546875 0.9384765625 0.546875 0.9384765625 0.515625 0.9423828125 0.4765625 0.9443359375 0.4140625 0.94921875 0.3828125 0.9560546875 0.390625 0.9580078125 0.3671875 0.986328125 0.3671875
