2 0.1513671875 0.359375 0.1513671875 0.2109375 0.1533203125 0.1953125 0.162109375 0.1796875 0.162109375 0.1953125 0.154296875 0.203125 0.15234375 0.21875 0.1513671875 0.3671875 0.154296875 0.3828125 0.1552734375 0.40625 0.1552734375 0.421875 0.15234375 0.4296875 0.15234375 0.5078125 0.150390625 0.5078125 0.1513671875 0.3671875
2 0.0341796875 0.296875 0.0419921875 0.296875 0.0439453125 0.3125 0.0458984375 0.4140625 0.048828125 0.4375 0.048828125 0.46875 0.05078125 0.484375 0.0498046875 0.5 0.046875 0.5 0.0439453125 0.4765625 0.04296875 0.4296875 0.044921875 0.421875 0.044921875 0.390625 0.04296875 0.3203125 0.0341796875 0.3046875
2 0.956055 0.351562 0.962891 0.351562 0.962891 0.40625 0.956055 0.40625
2 0.8271484375 0.4140625 0.830078125 0.4296875 0.8359375 0.6171875 0.833984375 0.609375 0.830078125 0.453125 0.8271484375 0.421875
2 0.7119140625 0.453125 0.720703125 0.4453125 0.7119140625 0.4765625 0.71484375 0.6796875 0.712890625 0.6640625 0.7138671875 0.6484375 0.7119140625 0.4609375
3 0.2373046875 0.3671875 0.2412109375 0.3515625 0.248046875 0.3671875 0.2470703125 0.421875 0.244140625 0.421875 0.2412109375 0.4453125 0.2412109375 0.4765625 0.244140625 0.4921875 0.244140625 0.5859375 0.2431640625 0.578125 0.240234375 0.59375 0.236328125 0.59375 0.23828125 0.5390625 0.2353515625 0.53125 0.240234375 0.453125 0.240234375 0.4375 0.2373046875 0.421875 0.2373046875 0.375
3 0.59765625 0.5703125 0.6005859375 0.5859375 0.6005859375 0.6328125 0.59765625 0.6484375 0.5966796875 0.671875 0.595703125 0.7890625 0.59375 0.7890625 0.5927734375 0.703125 0.595703125 0.6015625 0.5947265625 0.578125 0.5966796875 0.578125
2 0.958984375 0.4375 0.9609375 0.453125 0.9609375 0.4765625 0.962890625 0.484375 0.962890625 0.53125 0.9599609375 0.5078125 0.958984375 0.4453125
1 0.748046875 0.359375 0.7509765625 0.375 0.763671875 0.375 0.76953125 0.359375 0.7802734375 0.359375 0.7822265625 0.375 0.80078125 0.3671875 0.8046875 0.4140625 0.806640625 0.515625 0.810546875 0.5625 0.810546875 0.6015625 0.8125 0.625 0.8115234375 0.640625 0.8095703125 0.640625 0.8076171875 0.609375 0.806640625 0.5546875 0.8046875 0.5390625 0.8046875 0.515625 0.802734375 0.5078125 0.8017578125 0.4453125 0.7978515625 0.390625 0.7216796875 0.421875 0.71875 0.4453125 0.703125 0.4296875 0.7275390625 0.40625 0.73046875 0.3671875 0.7470703125 0.359375
1 0.2724609375 0.3203125 0.2783203125 0.34375 0.2783203125 0.375 0.2734375 0.4765625 0.271484375 0.453125 0.275390625 0.3671875 0.2744140625 0.3515625 0.255859375 0.34375 0.255859375 0.328125 0.271484375 0.3203125
1 0.92578125 0.4296875 0.927734375 0.4296875 0.9296875 0.3984375 0.9384765625 0.3828125 0.947265625 0.3828125 0.94921875 0.3984375 0.9755859375 0.390625 0.9794921875 0.3671875 0.984375 0.359375 0.9873046875 0.359375 0.9892578125 0.375 0.9990234375 0.375 0.9921875 0.3828125 0.98828125 0.40625 0.96875 0.3984375 0.9619140625 0.421875 0.94921875 0.4140625 0.9453125 0.4375 0.9267578125 0.4296875
