2 0.0478515625 0.265625 0.0537109375 0.296875 0.056640625 0.2890625 0.0615234375 0.3046875 0.0537109375 0.3125 0.0556640625 0.3671875 0.0546875 0.4140625 0.056640625 0.5546875 0.0595703125 0.6015625 0.0615234375 0.609375 0.0615234375 0.625 0.0595703125 0.6015625 0.0576171875 0.609375 0.05859375 0.65625 0.0556640625 0.65625 0.0546875 0.59375 0.0537109375 0.328125 0.0517578125 0.296875 0.0439453125 0.28125 0.046875 0.265625
2 0.22265625 0.421875 0.224609375 0.421875 0.22265625 0.4375 0.224609375 0.4453125 0.2236328125 0.46875 0.2265625 0.5234375 0.22265625 0.578125 0.2177734375 0.5859375 0.2177734375 0.5546875 0.2255859375 0.546875 0.2236328125 0.5234375 0.22265625 0.4296875
2 0.943359375 0.4375 0.955078125 0.4453125 0.9501953125 0.453125 0.94921875 0.46875 0.943359375 0.4453125
2 0.9482421875 0.5078125 0.94921875 0.5859375 0.9482421875 0.609375 0.9462890625 0.5859375 0.9482421875 0.515625
3 0.240234375 0.625 0.244140625 0.6484375 0.24609375 0.625 0.25 0.6640625 0.2529296875 0.65625 0.2529296875 0.6875 0.255859375 0.703125 0.2578125 0.6953125 0.2568359375 0.671875 0.2587890625 0.6796875 0.2587890625 0.7421875 0.2578125 0.7265625 0.2568359375 0.734375 0.2568359375 0.7578125 0.25390625 0.7890625 0.2509765625 0.7734375 0.25 0.78125 0.2490234375 0.8125 0.2509765625 0.84375 0.2548828125 0.859375 0.2509765625 0.875 0.2509765625 0.90625 0.25 0.890625 0.2490234375 0.90625 0.2412109375 0.90625 0.240234375 0.921875 0.2412109375 0.8984375 0.2451171875 0.90625 0.2490234375 0.8828125 0.2470703125 0.875 0.248046875 0.859375 0.2451171875 0.8515625 0.24609375 0.8046875 0.2431640625 0.7734375 0.244140625 0.7578125 0.2392578125 0.7578125 0.236328125 0.7265625 0.234375 0.734375 0.234375 0.6796875 0.232421875 0.6640625 0.2314453125 0.6796875 0.232421875 0.65625 0.2392578125 0.6328125
3 0.375 0.421875 0.384765625 0.421875 0.3857421875 0.4765625 0.384765625 0.515625 0.3837890625 0.46875 0.380859375 0.4453125 0.3798828125 0.453125 0.37890625 0.4765625 0.380859375 0.53125 0.37890625 0.5390625 0.376953125 0.5 0.3779296875 0.4765625 0.375 0.4609375 0.375 0.4296875
1 0.341796875 0.40625 0.341796875 0.4296875 0.34375 0.4453125 0.34375 0.5 0.3408203125 0.4921875 0.341796875 0.4453125 0.33984375 0.421875 0.328125 0.421875 0.3408203125 0.40625
1 0.2841796875 0.2578125 0.2939453125 0.2578125 0.2939453125 0.2734375 0.2890625 0.2734375 0.28515625 0.2890625 0.2861328125 0.3515625 0.2880859375 0.375 0.3076171875 0.3671875 0.310546875 0.3515625 0.310546875 0.3359375 0.3173828125 0.34375 0.3173828125 0.3671875 0.3134765625 0.359375 0.30859375 0.390625 0.2900390625 0.3984375 0.2900390625 0.5390625 0.2880859375 0.5234375 0.283203125 0.3203125 0.28125 0.296875 0.275390625 0.2890625 0.275390625 0.2734375 0.2841796875 0.265625
2 0.73828125 0 0.7412109375 0.0078125 0.7412109375 0.03125 0.7392578125 0.0546875 0.7314453125 0.2890625 0.728515625 0.453125 0.7275390625 0.625 0.72265625 0.7109375 0.7216796875 0.8046875 0.7177734375 0.8046875 0.7197265625 0.7578125 0.7197265625 0.703125 0.7255859375 0.5859375 0.7255859375 0.453125 0.728515625 0.28125 0.73828125 0.0078125
1 0.8818359375 0.453125 0.9189453125 0.4609375 0.923828125 0.421875 0.9345703125 0.4140625 0.9375 0.453125 0.9453125 0.46875 0.970703125 0.46875 0.97265625 0.484375 0.9775390625 0.484375 0.978515625 0.59375 0.978515625 0.6328125 0.9755859375 0.625 0.9736328125 0.5078125 0.9599609375 0.5234375 0.9560546875 0.4921875 0.9443359375 0.4921875 0.9404296875 0.4765625 0.9345703125 0.484375 0.93359375 0.5 0.923828125 0.5 0.9208984375 0.4765625 0.9091796875 0.4921875 0.90625 0.4765625 0.884765625 0.4765625 0.8828125 0.5390625 0.8837890625 0.5859375 0.880859375 0.6171875 0.87890625 0.6015625 0.880859375 0.578125 0.8798828125 0.53125 0.8818359375 0.4609375
