2 0.3525390625 0.28125 0.3544921875 0.296875 0.34765625 0.3046875 0.345703125 0.34375 0.3447265625 0.4765625 0.3427734375 0.515625 0.345703125 0.5390625 0.3408203125 0.5390625 0.345703125 0.3125 0.3388671875 0.296875 0.3515625 0.2890625
2 0 0.3671875 0.0068359375 0.3671875 0.0009765625 0.390625 0.0048828125 0.5390625 0.0009765625 0.5390625 0.0029296875 0.5234375 0 0.375
2 0.84375 0.5 0.845703125 0.5078125 0.8447265625 0.5703125 0.845703125 0.609375 0.84765625 0.6171875 0.8447265625 0.625 0.84375 0.6015625 0.84375 0.5078125
3 0.0126953125 0.453125 0.0166015625 0.4609375 0.0185546875 0.5078125 0.021484375 0.5234375 0.017578125 0.546875 0.017578125 0.6015625 0.01953125 0.609375 0.0205078125 0.671875 0.0205078125 0.71875 0.0185546875 0.7265625 0.0166015625 0.6953125 0.017578125 0.6640625 0.015625 0.6484375 0.015625 0.59375 0.013671875 0.578125 0.013671875 0.5546875 0.0087890625 0.5390625 0.009765625 0.5234375 0.0068359375 0.484375 0.0068359375 0.46875 0.0126953125 0.4609375
2 0.150390625 0.3671875 0.15234375 0.3671875 0.1513671875 0.4375 0.1533203125 0.4609375 0.15234375 0.5 0.150390625 0.4765625 0.150390625 0.375
3 0.1611328125 0.3828125 0.16796875 0.3984375 0.1669921875 0.4296875 0.169921875 0.4453125 0.1689453125 0.484375 0.171875 0.5 0.169921875 0.515625 0.169921875 0.5390625 0.1689453125 0.53125 0.1669921875 0.546875 0.16796875 0.78125 0.166015625 0.890625 0.1640625 0.890625 0.1630859375 0.84375 0.162109375 0.5625 0.1591796875 0.5234375 0.16015625 0.390625
1 0.1162109375 0.1796875 0.119140625 0.1953125 0.126953125 0.203125 0.1201171875 0.2265625 0.1240234375 0.359375 0.1240234375 0.4921875 0.1201171875 0.4765625 0.1181640625 0.3515625 0.095703125 0.3359375 0.08984375 0.328125 0.087890625 0.3125 0.087890625 0.28125 0.091796875 0.28125 0.091796875 0.3046875 0.0947265625 0.3203125 0.107421875 0.3203125 0.1103515625 0.296875 0.1142578125 0.296875 0.1123046875 0.3125 0.1142578125 0.3359375 0.1162109375 0.3359375 0.119140625 0.3046875 0.1171875 0.2109375 0.115234375 0.1953125 0.1103515625 0.1875 0.111328125 0.171875 0.115234375 0.1796875
1 0.2939453125 0.4453125 0.296875 0.4375 0.296875 0.375 0.2724609375 0.375 0.2734375 0.34375 0.30078125 0.3515625 0.298828125 0.421875 0.30078125 0.46875 0.298828125 0.484375 0.2978515625 0.546875 0.2939453125 0.515625 0.2958984375 0.484375 0.2939453125 0.453125
2 0.2412109375 0.359375 0.2451171875 0.359375 0.2431640625 0.4765625 0.2431640625 0.375 0.2412109375 0.3671875
2 0.4638671875 0.359375 0.47265625 0.3671875 0.474609375 0.3828125 0.4697265625 0.5703125 0.470703125 0.5859375 0.4697265625 0.6015625 0.4658203125 0.6015625 0.46875 0.5625 0.4677734375 0.53125 0.4697265625 0.5234375 0.47265625 0.3828125 0.4638671875 0.3671875
3 0.96875 0.53125 0.97265625 0.5546875 0.9697265625 0.5625 0.9677734375 0.5859375 0.9638671875 0.5625 0.96484375 0.5390625 0.9677734375 0.5390625
2 0.9248046875 0.3828125 0.92578125 0.40625 0.91796875 0.4140625 0.91796875 0.5 0.919921875 0.5625 0.9189453125 0.5859375 0.9169921875 0.5859375 0.916015625 0.5625 0.9150390625 0.390625 0.923828125 0.3828125
