2 0.294921875 0.3671875 0.2958984375 0.4765625 0.29296875 0.5 0.294921875 0.375
3 0.3125 0.421875 0.3134765625 0.4765625 0.3115234375 0.4921875 0.310546875 0.6015625 0.30859375 0.6015625 0.3095703125 0.4921875 0.306640625 0.4765625 0.306640625 0.4296875 0.3115234375 0.421875
3 0.384765625 0.4140625 0.388671875 0.4140625 0.3916015625 0.4453125 0.3916015625 0.5078125 0.38671875 0.5078125 0.3828125 0.703125 0.380859375 0.703125 0.3828125 0.625 0.3818359375 0.5859375 0.3837890625 0.5546875 0.3857421875 0.4453125 0.384765625 0.421875
2 0.7294921875 0.3671875 0.7392578125 0.3671875 0.7421875 0.3828125 0.7412109375 0.46875 0.7431640625 0.5546875 0.7421875 0.6328125 0.740234375 0.625 0.740234375 0.390625 0.7294921875 0.375
1 0.5517578125 0.40625 0.5537109375 0.40625 0.552734375 0.4921875 0.5546875 0.5234375 0.5517578125 0.546875 0.55078125 0.6015625 0.548828125 0.6015625 0.5478515625 0.578125 0.5478515625 0.5546875 0.5498046875 0.546875 0.546875 0.53125 0.5478515625 0.5078125 0.55078125 0.4921875 0.55078125 0.4453125 0.5400390625 0.4453125 0.5380859375 0.4296875 0.533203125 0.4296875 0.53515625 0.40625 0.537109375 0.4296875 0.55078125 0.4296875 0.5517578125 0.4140625
1 0.390625 0.2421875 0.3935546875 0.234375 0.4052734375 0.265625 0.3974609375 0.28125 0.3984375 0.375 0.396484375 0.4296875 0.3935546875 0.4296875 0.3935546875 0.390625 0.3896484375 0.375 0.380859375 0.359375 0.3681640625 0.359375 0.369140625 0.3203125 0.373046875 0.3515625 0.39453125 0.3671875 0.3974609375 0.2734375 0.3916015625 0.25
2 0.4287109375 0.40625 0.4306640625 0.40625 0.4287109375 0.421875 0.4287109375 0.5078125 0.4267578125 0.5390625 0.427734375 0.53125 0.42578125 0.5078125 0.4287109375 0.4140625
2 0.5126953125 0.4296875 0.5166015625 0.4296875 0.5146484375 0.53125 0.51171875 0.53125 0.513671875 0.4375
2 0.5986328125 0.3515625 0.61328125 0.34375 0.60546875 0.375 0.603515625 0.6171875 0.6025390625 0.6015625 0.6015625 0.609375 0.6015625 0.5859375 0.6044921875 0.3671875 0.5986328125 0.359375
2 0.224609375 0.3359375 0.228515625 0.3359375 0.2255859375 0.3359375 0.220703125 0.375 0.2197265625 0.421875 0.2216796875 0.4453125 0.2216796875 0.484375 0.2197265625 0.484375 0.21875 0.40625 0.2197265625 0.34375 0.2236328125 0.3359375
