2 0.1845703125 0 0.197265625 0 0.197265625 0.015625 0.1943359375 0.0234375 0.1865234375 0.0234375 0.1845703125 0.0078125
2 0.1669921875 0.4140625 0.1689453125 0.4140625 0.169921875 0.515625 0.1689453125 0.5703125 0.1689453125 0.4765625 0.1669921875 0.421875
2 0.220703125 0.4921875 0.2236328125 0.5 0.22265625 0.578125 0.220703125 0.5
2 0.228515625 0 0.2314453125 0 0.2314453125 0.125 0.2333984375 0.1328125 0.232421875 0.203125 0.234375 0.2109375 0.232421875 0.2265625 0.2333984375 0.265625 0.2314453125 0.2734375 0.2333984375 0.28125 0.232421875 0.3515625 0.234375 0.359375 0.234375 0.390625 0.232421875 0.421875 0.234375 0.4296875 0.2333984375 0.4609375 0.2353515625 0.4609375 0.236328125 0.5703125 0.2333984375 0.59375 0.236328125 0.6171875 0.2373046875 0.65625 0.2353515625 0.71875 0.23828125 0.78125 0.23828125 0.796875 0.2373046875 0.78125 0.2353515625 0.7890625 0.236328125 0.8125 0.234375 0.796875 0.2333984375 0.8125 0.228515625 0.8046875 0.228515625 0.0078125
3 0.380859375 0.484375 0.384765625 0.484375 0.384765625 0.515625 0.3818359375 0.53125 0.380859375 0.6015625 0.380859375 0.4921875
3 0.26953125 0.4921875 0.275390625 0.4921875 0.275390625 0.515625 0.2734375 0.53125 0.2734375 0.5703125 0.275390625 0.5703125 0.2744140625 0.6015625 0.271484375 0.578125 0.2724609375 0.53125 0.26953125 0.5
3 0.4453125 0.453125 0.4501953125 0.4609375 0.4521484375 0.4765625 0.4521484375 0.5234375 0.451171875 0.5390625 0.4482421875 0.5390625 0.4462890625 0.5546875 0.4453125 0.6171875 0.4453125 0.671875 0.447265625 0.6796875 0.4462890625 0.6953125 0.4501953125 0.71875 0.4462890625 0.7109375 0.4462890625 0.734375 0.439453125 0.7421875 0.4423828125 0.71875 0.4423828125 0.46875 0.4443359375 0.4609375
3 0.580078125 0.609375 0.58203125 0.6328125 0.58203125 0.6796875 0.580078125 0.7109375 0.5810546875 0.8046875 0.5791015625 0.8203125 0.5771484375 0.8203125 0.576171875 0.8046875 0.578125 0.7890625 0.578125 0.734375 0.576171875 0.71875 0.5791015625 0.7109375 0.578125 0.671875 0.580078125 0.6171875
3 0.890625 0.5390625 0.896484375 0.5390625 0.8974609375 0.5546875 0.8974609375 0.578125 0.8955078125 0.578125 0.8935546875 0.6015625 0.8935546875 0.6328125 0.8955078125 0.65625 0.8955078125 0.71875 0.8935546875 0.703125 0.892578125 0.71875 0.8916015625 0.7109375 0.892578125 0.59375 0.8876953125 0.5859375 0.8876953125 0.5546875 0.8896484375 0.546875
2 0.826171875 0.3671875 0.8505859375 0.375 0.8388671875 0.390625 0.8388671875 0.4296875 0.8408203125 0.4375 0.8388671875 0.4609375 0.8388671875 0.546875 0.8369140625 0.453125 0.837890625 0.390625 0.826171875 0.375
1 0.8037109375 0.3984375 0.810546875 0.4296875 0.8193359375 0.40625 0.830078125 0.4140625 0.8330078125 0.4296875 0.853515625 0.4296875 0.85546875 0.4453125 0.85546875 0.53125 0.859375 0.546875 0.8564453125 0.5625 0.85546875 0.5859375 0.8515625 0.578125 0.8544921875 0.5625 0.8505859375 0.53125 0.8515625 0.4609375 0.8466796875 0.4375 0.841796875 0.4375 0.837890625 0.453125 0.8212890625 0.453125 0.8134765625 0.4375 0.80859375 0.4375 0.8046875 0.453125 0.7646484375 0.453125 0.763671875 0.40625 0.7900390625 0.4140625 0.7919921875 0.3984375 0.802734375 0.3984375
