2 0.375 0.5 0.3828125 0.515625 0.3779296875 0.5390625 0.375 0.6328125 0.373046875 0.6484375 0.3779296875 0.53125 0.375 0.5078125
2 0.4443359375 0.515625 0.4453125 0.546875 0.4423828125 0.6640625 0.4443359375 0.5234375
2 0.501953125 0.5390625 0.5087890625 0.53125 0.505859375 0.5546875 0.505859375 0.6953125 0.5048828125 0.5546875 0.501953125 0.546875
2 0.9794921875 0 0.9814453125 0 0.982421875 0.015625 0.982421875 0.3671875 0.9833984375 0.3984375 0.9853515625 0.40625 0.982421875 0.46875 0.9794921875 0.421875 0.9794921875 0.0078125
3 0.6484375 0.625 0.650390625 0.640625 0.6513671875 0.625 0.6533203125 0.640625 0.6552734375 0.6328125 0.65625 0.65625 0.65234375 0.6796875 0.654296875 0.734375 0.6572265625 0.7421875 0.6572265625 0.7578125 0.65234375 0.7578125 0.6494140625 0.6796875 0.6435546875 0.671875 0.6435546875 0.640625 0.6484375 0.6328125
2 0.6474609375 0.6328125 0.6337890625 0.3203125 0.6318359375 0.3046875 0.625 0.3203125 0.615234375 0.3125 0.6162109375 0.2890625 0.623046875 0.2890625 0.6298828125 0.265625 0.6533203125 0.2734375 0.65234375 0.2890625 0.6357421875 0.296875 0.6494140625 0.6015625 0.6484375 0.6328125
1 0.5712890625 0.6484375 0.5732421875 0.7109375 0.5703125 0.7265625 0.5712890625 0.7421875 0.568359375 0.7421875 0.568359375 0.7265625 0.56640625 0.71875 0.5654296875 0.6640625 0.568359375 0.640625 0.5673828125 0.6171875 0.5380859375 0.6171875 0.537109375 0.6796875 0.53515625 0.703125 0.533203125 0.6953125 0.5341796875 0.640625 0.5322265625 0.625 0.533203125 0.6015625 0.537109375 0.59375 0.5693359375 0.59375 0.5703125 0.6484375
3 0.2275390625 0.4921875 0.2275390625 0.5390625 0.22265625 0.5390625 0.22265625 0.578125 0.220703125 0.6015625 0.2197265625 0.5859375 0.2177734375 0.609375 0.216796875 0.578125 0.2197265625 0.546875 0.216796875 0.5078125 0.2197265625 0.4921875 0.2265625 0.5
2 0.203125 0.2421875 0.21875 0.2421875 0.2197265625 0.2578125 0.2314453125 0.265625 0.23046875 0.28125 0.2265625 0.28125 0.2236328125 0.265625 0.21875 0.265625 0.216796875 0.28125 0.203125 0.4921875 0.2021484375 0.53125 0.197265625 0.578125 0.1982421875 0.53125 0.208984375 0.375 0.208984375 0.3515625 0.21484375 0.2890625 0.2138671875 0.2578125 0.203125 0.25
1 0.2138671875 0.421875 0.2333984375 0.4453125 0.24609375 0.4453125 0.2548828125 0.46875 0.263671875 0.46875 0.267578125 0.5 0.2626953125 0.5625 0.259765625 0.5546875 0.263671875 0.5078125 0.2626953125 0.4921875 0.25390625 0.4921875 0.24609375 0.46875 0.232421875 0.46875 0.2021484375 0.4375 0.2001953125 0.453125 0.19921875 0.4921875 0.1953125 0.5078125 0.19921875 0.421875 0.212890625 0.421875
2 0.2724609375 0.3828125 0.2783203125 0.390625 0.2802734375 0.3984375 0.2802734375 0.4140625 0.275390625 0.4296875 0.267578125 0.5703125 0.2646484375 0.5703125 0.2646484375 0.5546875 0.2734375 0.421875 0.2685546875 0.390625 0.26953125 0.375 0.271484375 0.3828125
3 0.173828125 0.4140625 0.17578125 0.4140625 0.1767578125 0.4296875 0.1728515625 0.4609375 0.169921875 0.5234375 0.16796875 0.53125 0.1708984375 0.4375 0.173828125 0.421875
3 0.041015625 0.375 0.0419921875 0.40625 0.041015625 0.421875 0.0380859375 0.421875 0.037109375 0.5078125 0.037109375 0.4296875 0.03515625 0.3984375 0.037109375 0.375 0.0400390625 0.375
