2 0.9443359375 0.15625 0.9482421875 0.171875 0.958984375 0.15625 0.9599609375 0.1640625 0.962890625 0.1484375 0.970703125 0.15625 0.9697265625 0.171875 0.955078125 0.171875 0.9501953125 0.1796875 0.9482421875 0.1953125 0.9580078125 0.359375 0.9580078125 0.3828125 0.966796875 0.5625 0.9697265625 0.5859375 0.96875 0.6015625 0.974609375 0.703125 0.9736328125 0.734375 0.970703125 0.6796875 0.9677734375 0.6640625 0.9638671875 0.546875 0.955078125 0.359375 0.953125 0.3515625 0.9541015625 0.328125 0.9521484375 0.3203125 0.9462890625 0.203125 0.9443359375 0.1875 0.94140625 0.1875 0.9306640625 0.21875 0.9228515625 0.2109375 0.9248046875 0.1953125 0.9423828125 0.1796875 0.9443359375 0.1640625
2 0.19140625 0.2578125 0.1982421875 0.265625 0.1982421875 0.28125 0.1962890625 0.2890625 0.1982421875 0.4375 0.1953125 0.40625 0.1953125 0.296875 0.19140625 0.265625
2 0.05078125 0.3046875 0.064453125 0.3046875 0.0634765625 0.3203125 0.05859375 0.328125 0.0615234375 0.359375 0.0634765625 0.4296875 0.068359375 0.4765625 0.06640625 0.5 0.0634765625 0.4921875 0.0625 0.4375 0.0576171875 0.4296875 0.0576171875 0.4140625 0.060546875 0.40625 0.0576171875 0.328125 0.05078125 0.3125
2 0.103515625 0.3046875 0.109375 0.3125 0.115234375 0.4453125 0.11328125 0.4453125 0.1083984375 0.3203125 0.103515625 0.3125
3 0.44921875 0.265625 0.4501953125 0.28125 0.4521484375 0.265625 0.453125 0.3046875 0.4541015625 0.296875 0.455078125 0.3125 0.45703125 0.296875 0.45703125 0.328125 0.455078125 0.328125 0.453125 0.3515625 0.451171875 0.328125 0.4501953125 0.3359375 0.4501953125 0.3828125 0.4482421875 0.40625 0.4501953125 0.4296875 0.44921875 0.421875 0.447265625 0.4453125 0.4462890625 0.4375 0.44140625 0.484375 0.4453125 0.53125 0.443359375 0.5625 0.4453125 0.578125 0.443359375 0.578125 0.4423828125 0.5625 0.4404296875 0.6015625 0.439453125 0.5859375 0.4384765625 0.59375 0.439453125 0.6875 0.4384765625 0.609375 0.435546875 0.609375 0.4365234375 0.6328125 0.435546875 0.6640625 0.43359375 0.671875 0.435546875 0.6953125 0.435546875 0.734375 0.4345703125 0.71875 0.43359375 0.7265625 0.435546875 0.703125 0.4345703125 0.6796875 0.4326171875 0.6796875 0.4306640625 0.7109375 0.431640625 0.7578125 0.4296875 0.7890625 0.4267578125 0.796875 0.4267578125 0.84375 0.4228515625 0.8671875 0.423828125 0.8984375 0.421875 0.90625 0.421875 0.921875 0.4228515625 0.9296875 0.42578125 0.9140625 0.4267578125 0.9375 0.42578125 0.9453125 0.423828125 0.9296875 0.419921875 0.9765625 0.416015625 0.96875 0.412109375 0.9921875 0.3994140625 0.9921875 0.40625 0.9765625 0.41015625 0.921875 0.4091796875 0.90625 0.41015625 0.921875 0.412109375 0.90625 0.4111328125 0.8828125 0.4140625 0.8828125 0.42578125 0.6875 0.427734375 0.625 0.4267578125 0.609375 0.427734375 0.6171875 0.4306640625 0.5859375 0.4326171875 0.53125 0.431640625 0.515625 0.4287109375 0.515625 0.4267578125 0.484375 0.4228515625 0.4921875 0.419921875 0.4375 0.412109375 0.4375 0.4130859375 0.421875 0.4111328125 0.4140625 0.4111328125 0.3984375 0.4150390625 0.3828125 0.41796875 0.3984375 0.4228515625 0.390625 0.4208984375 0.3671875 0.4169921875 0.359375 0.4140625 0.3359375 0.4150390625 0.3125 0.4248046875 0.3203125 0.42578125 0.3359375 0.4296875 0.3203125 0.4306640625 0.328125 0.4326171875 0.3984375 0.4287109375 0.4296875 0.4287109375 0.453125 0.4267578125 0.4609375 0.427734375 0.4765625 0.4306640625 0.4609375 0.4345703125 0.4609375 0.4326171875 0.4453125 0.4326171875 0.421875 0.435546875 0.453125 0.4404296875 0.4140625 0.439453125 0.3671875 0.44140625 0.328125 0.439453125 0.2890625 0.44140625 0.2734375 0.447265625 0.2734375 0.4482421875 0.2890625 0.44921875 0.2734375
3 0.0068359375 0.5234375 0.013671875 0.5546875 0.013671875 0.609375 0.0087890625 0.609375 0.0068359375 0.625 0.0107421875 0.671875 0.0146484375 0.6640625 0.015625 0.6796875 0.015625 0.6953125 0.01171875 0.7109375 0.0126953125 0.75 0.0107421875 0.7578125 0.0107421875 0.734375 0.009765625 0.7265625 0.0087890625 0.7421875 0.0087890625 0.71875 0.005859375 0.703125 0.005859375 0.6640625 0.00390625 0.6484375 0.0048828125 0.625 0 0.625 0 0.53125 0.005859375 0.53125
1 0.0625 0.40625 0.0634765625 0.4140625 0.044921875 0.421875 0.0380859375 0.4375 0.0322265625 0.4296875 0.0263671875 0.4453125 0.01171875 0.4453125 0.0078125 0.4609375 0 0.4609375 0.00390625 0.4296875 0.0166015625 0.4375 0.021484375 0.421875 0.025390625 0.4296875 0.0390625 0.4140625 0.0419921875 0.3984375 0.0615234375 0.40625
3 0.1572265625 0.53125 0.154296875 0.484375 0.1552734375 0.4453125 0.1591796875 0.453125 0.16015625 0.53125 0.158203125 0.53125
1 0.166015625 0.328125 0.193359375 0.3359375 0.193359375 0.3515625 0.1953125 0.359375 0.193359375 0.3671875 0.189453125 0.3359375 0.16015625 0.3515625 0.162109375 0.328125 0.1650390625 0.328125
2 0.697265625 0.3203125 0.6982421875 0.34375 0.693359375 0.546875 0.6943359375 0.5625 0.69140625 0.6640625 0.6923828125 0.6796875 0.6904296875 0.7109375 0.69140625 0.7421875 0.689453125 0.7421875 0.689453125 0.6640625 0.6962890625 0.328125
1 0.9755859375 0.46875 0.9990234375 0.453125 0.978515625 0.4765625 0.9775390625 0.484375 0.98046875 0.515625 0.98046875 0.53125 0.978515625 0.5390625 0.9755859375 0.4921875 0.9765625 0.4765625
3 0.9228515625 0.53125 0.9287109375 0.546875 0.927734375 0.59375 0.9326171875 0.6796875 0.9326171875 0.703125 0.9306640625 0.703125 0.92578125 0.5859375 0.9248046875 0.578125 0.923828125 0.59375 0.921875 0.5546875 0.923828125 0.546875 0.9228515625 0.5390625
2 0.9697265625 0.3515625 0.978515625 0.34375 0.97265625 0.3671875 0.9775390625 0.453125 0.974609375 0.453125 0.97265625 0.4375 0.9697265625 0.390625 0.9697265625 0.359375
2 0.470703125 0.28125 0.486328125 0.28125 0.4951171875 0.296875 0.486328125 0.296875 0.48046875 0.3359375 0.4814453125 0.3671875 0.48046875 0.390625 0.4794921875 0.375 0.478515625 0.3828125 0.4775390625 0.4375 0.474609375 0.4609375 0.47265625 0.5 0.4736328125 0.5078125 0.4716796875 0.515625 0.470703125 0.578125 0.4677734375 0.578125 0.4697265625 0.5078125 0.47265625 0.46875 0.4716796875 0.453125 0.474609375 0.4296875 0.4736328125 0.4140625 0.478515625 0.375 0.4814453125 0.3046875 0.478515625 0.2890625 0.470703125 0.2890625
1 0.3525390625 0.4296875 0.35546875 0.3671875 0.380859375 0.375 0.3896484375 0.390625 0.3876953125 0.40625 0.38671875 0.4453125 0.384765625 0.4375 0.38671875 0.40625 0.3857421875 0.390625 0.37109375 0.375 0.357421875 0.375 0.35546875 0.3984375 0.35546875 0.4296875 0.353515625 0.4296875
1 0.2646484375 0.2421875 0.271484375 0.25 0.2685546875 0.28125 0.2685546875 0.34375 0.271484375 0.3671875 0.2666015625 0.3828125 0.2685546875 0.4140625 0.2685546875 0.5234375 0.2646484375 0.53125 0.263671875 0.515625 0.2646484375 0.4140625 0.26171875 0.3828125 0.2626953125 0.3203125 0.2607421875 0.3046875 0.2548828125 0.3359375 0.25390625 0.359375 0.255859375 0.375 0.255859375 0.40625 0.2529296875 0.3984375 0.251953125 0.3671875 0.25390625 0.34375 0.2529296875 0.3125 0.26171875 0.2734375 0.263671875 0.25
2 0.33203125 0.2890625 0.341796875 0.2890625 0.337890625 0.296875 0.3359375 0.3203125 0.3330078125 0.4375 0.33203125 0.4140625 0.3359375 0.3046875 0.33203125 0.296875
