2 0.9248046875 0.2421875 0.9345703125 0.2421875 0.9365234375 0.2265625 0.9482421875 0.234375 0.9482421875 0.25 0.9375 0.2578125 0.9384765625 0.5 0.9365234375 0.390625 0.9365234375 0.2578125 0.9248046875 0.25
2 0.1865234375 0.3203125 0.1875 0.34375 0.1826171875 0.4921875 0.1865234375 0.328125
2 0.2470703125 0.359375 0.25 0.3671875 0.25 0.3828125 0.24609375 0.390625 0.2412109375 0.546875 0.240234375 0.5234375 0.2451171875 0.40625 0.2431640625 0.375 0.24609375 0.3671875
2 0.76171875 0.1953125 0.763671875 0.203125 0.7705078125 0.3984375 0.7724609375 0.5 0.7744140625 0.515625 0.7744140625 0.5703125 0.76953125 0.578125 0.76953125 0.53125 0.767578125 0.515625 0.7705078125 0.515625 0.771484375 0.5 0.76171875 0.203125
3 0.951171875 0.359375 0.9541015625 0.359375 0.9560546875 0.375 0.9580078125 0.3671875 0.9580078125 0.3984375 0.955078125 0.4140625 0.95703125 0.4296875 0.95703125 0.453125 0.955078125 0.4609375 0.9560546875 0.5078125 0.9541015625 0.515625 0.9541015625 0.5859375 0.951171875 0.5859375 0.953125 0.5703125 0.951171875 0.5625 0.953125 0.53125 0.951171875 0.515625 0.9521484375 0.4765625 0.94921875 0.4609375 0.9453125 0.46875 0.9482421875 0.4375 0.947265625 0.421875 0.9482421875 0.4296875 0.9521484375 0.40625 0.951171875 0.3671875
1 0.9990234375 0.375 0.994140625 0.390625 0.94921875 0.390625 0.943359375 0.3828125 0.9443359375 0.375 0.998046875 0.375
1 0.88671875 0.3359375 0.890625 0.359375 0.8974609375 0.3515625 0.90234375 0.4375 0.9013671875 0.453125 0.8974609375 0.3828125 0.876953125 0.3671875 0.8779296875 0.3515625 0.8857421875 0.3359375
2 0.94140625 0.2890625 0.94921875 0.2890625 0.9453125 0.296875 0.9423828125 0.3203125 0.9453125 0.375 0.9453125 0.390625 0.9423828125 0.40625 0.94140625 0.296875
2 0.431640625 0.0703125 0.43359375 0.0859375 0.4619140625 0.078125 0.462890625 0.1015625 0.431640625 0.109375 0.4296875 0.1484375 0.4306640625 0.171875 0.4287109375 0.1953125 0.4296875 0.265625 0.4267578125 0.2890625 0.427734375 0.375 0.4228515625 0.625 0.4248046875 0.640625 0.4248046875 0.6640625 0.4189453125 0.6640625 0.416015625 0.6171875 0.419921875 0.5703125 0.419921875 0.4921875 0.421875 0.4296875 0.421875 0.390625 0.419921875 0.3671875 0.423828125 0.296875 0.423828125 0.2734375 0.421875 0.2578125 0.4248046875 0.234375 0.4267578125 0.1171875 0.4248046875 0.1015625 0.4130859375 0.1015625 0.408203125 0.125 0.4033203125 0.125 0.400390625 0.1171875 0.3994140625 0.09375 0.42578125 0.0859375 0.427734375 0.0703125 0.4306640625 0.0703125
1 0.275390625 0.46875 0.3154296875 0.484375 0.3154296875 0.546875 0.3134765625 0.578125 0.3115234375 0.5625 0.3134765625 0.515625 0.3115234375 0.4921875 0.2822265625 0.4765625 0.27734375 0.5 0.275390625 0.546875 0.275390625 0.4765625
1 0.1162109375 0.3125 0.119140625 0.3203125 0.119140625 0.3515625 0.12890625 0.3359375 0.12890625 0.3671875 0.146484375 0.3671875 0.1484375 0.4140625 0.150390625 0.421875 0.1484375 0.484375 0.1455078125 0.484375 0.1474609375 0.4453125 0.146484375 0.421875 0.140625 0.390625 0.1328125 0.390625 0.1201171875 0.3671875 0.1123046875 0.375 0.109375 0.359375 0.09765625 0.34375 0.09375 0.34375 0.091796875 0.3671875 0.091796875 0.484375 0.08984375 0.484375 0.0908203125 0.4765625 0.0869140625 0.4609375 0.0869140625 0.3984375 0.0888671875 0.3828125 0.087890625 0.3515625 0.0908203125 0.3203125 0.107421875 0.328125 0.1103515625 0.3125 0.115234375 0.3125
