2 0.224609375 0.375 0.2275390625 0.375 0.2255859375 0.390625 0.232421875 0.5234375 0.234375 0.5390625 0.2373046875 0.53125 0.2373046875 0.546875 0.2275390625 0.5546875 0.23046875 0.53125 0.2265625 0.5234375 0.23046875 0.5 0.224609375 0.3828125
1 0.0556640625 0.453125 0.072265625 0.453125 0.07421875 0.484375 0.07421875 0.515625 0.064453125 0.4765625 0.060546875 0.484375 0.0615234375 0.546875 0.0654296875 0.6171875 0.0634765625 0.703125 0.060546875 0.6640625 0.060546875 0.578125 0.0576171875 0.5 0.0595703125 0.484375 0.0556640625 0.4609375
1 0.13671875 0.46875 0.1396484375 0.4609375 0.1416015625 0.4296875 0.1435546875 0.4375 0.1435546875 0.46875 0.138671875 0.484375 0.138671875 0.5546875 0.1396484375 0.546875 0.13671875 0.4765625
3 0.208984375 0.5390625 0.212890625 0.5390625 0.21484375 0.5546875 0.2138671875 0.59375 0.2158203125 0.6484375 0.21875 0.6640625 0.2138671875 0.640625 0.212890625 0.59375 0.2080078125 0.578125 0.208984375 0.546875
3 0.2607421875 0.5 0.265625 0.5 0.267578125 0.515625 0.2685546875 0.546875 0.2666015625 0.546875 0.265625 0.5625 0.26953125 0.59375 0.26953125 0.640625 0.267578125 0.6328125 0.2646484375 0.5625 0.2578125 0.53125 0.259765625 0.5078125
3 0.3291015625 0.4453125 0.3291015625 0.5390625 0.3271484375 0.5390625 0.322265625 0.4609375 0.3232421875 0.4453125 0.328125 0.4453125
2 0.31640625 0.28125 0.3154296875 0.3046875 0.3203125 0.40625 0.3203125 0.4296875 0.3173828125 0.421875 0.31640625 0.328125 0.3125 0.296875 0.306640625 0.296875 0.3154296875 0.2734375
3 0.744140625 0.5859375 0.7529296875 0.59375 0.75390625 0.6171875 0.7529296875 0.640625 0.75 0.640625 0.748046875 0.65625 0.7470703125 0.75 0.7451171875 0.7421875 0.748046875 0.6953125 0.7470703125 0.65625 0.7431640625 0.640625 0.7431640625 0.6171875 0.7412109375 0.609375 0.7431640625 0.59375
3 0.859375 0.6640625 0.869140625 0.671875 0.8681640625 0.7109375 0.8623046875 0.734375 0.8603515625 0.796875 0.861328125 0.859375 0.857421875 0.859375 0.8564453125 0.84375 0.8583984375 0.828125 0.857421875 0.8125 0.859375 0.734375 0.8583984375 0.7265625 0.8564453125 0.7421875 0.8564453125 0.7265625 0.8544921875 0.71875 0.85546875 0.671875 0.8583984375 0.6640625
2 0.95703125 0.203125 0.96484375 0.1953125 0.966796875 0.2109375 0.974609375 0.2265625 0.9775390625 0.2265625 0.9794921875 0.2109375 0.9814453125 0.234375 0.984375 0.2421875 0.998046875 0.2578125 0.998046875 0.2734375 0.99609375 0.28125 0.9892578125 0.2734375 0.9853515625 0.25 0.98046875 0.2578125 0.9814453125 0.359375 0.9833984375 0.40625 0.982421875 0.4453125 0.984375 0.5 0.984375 0.5703125 0.986328125 0.609375 0.9853515625 0.6328125 0.9931640625 0.6484375 0.986328125 0.6640625 0.9873046875 0.7578125 0.9892578125 0.7890625 0.9931640625 0.78125 0.9970703125 0.8125 0.994140625 0.84375 0.9892578125 0.8515625 0.98828125 0.8359375 0.9873046875 0.8515625 0.984375 0.8515625 0.98046875 0.84375 0.9853515625 0.796875 0.9833984375 0.734375 0.978515625 0.25 0.970703125 0.2265625 0.9609375 0.234375 0.95703125 0.2265625 0.95703125 0.2109375
2 0.8837890625 0.5 0.896484375 0.5 0.8916015625 0.5234375 0.890625 0.578125 0.888671875 0.578125 0.8896484375 0.5234375 0.8876953125 0.5078125 0.8837890625 0.5078125
