2 0.5224609375 0.1953125 0.5390625 0.1875 0.5400390625 0.203125 0.5537109375 0.2109375 0.5390625 0.21875 0.53515625 0.515625 0.5380859375 0.5234375 0.5380859375 0.5546875 0.5322265625 0.5625 0.5302734375 0.53125 0.5322265625 0.53125 0.5341796875 0.5078125 0.537109375 0.21875 0.5224609375 0.203125
2 0.6630859375 0.328125 0.6748046875 0.34375 0.6728515625 0.359375 0.6689453125 0.359375 0.6650390625 0.53125 0.6611328125 0.5390625 0.6611328125 0.515625 0.6640625 0.5 0.66796875 0.359375 0.6669921875 0.34375 0.6630859375 0.3359375
2 0.95703125 0.3515625 0.9619140625 0.3671875 0.958984375 0.3828125 0.9580078125 0.7421875 0.9560546875 0.7421875 0.955078125 0.7109375 0.95703125 0.625 0.95703125 0.390625 0.943359375 0.3828125 0.9453125 0.3671875 0.95703125 0.359375
3 0.9677734375 0.6171875 0.974609375 0.625 0.9765625 0.640625 0.9775390625 0.6328125 0.9736328125 0.65625 0.974609375 0.671875 0.9755859375 0.6640625 0.974609375 0.7109375 0.9716796875 0.7109375 0.9697265625 0.7265625 0.9716796875 0.7578125 0.9697265625 0.7734375 0.970703125 0.8046875 0.9677734375 0.8046875 0.9677734375 0.765625 0.9658203125 0.75 0.96484375 0.7578125 0.96484375 0.7421875 0.9677734375 0.7265625 0.9619140625 0.703125 0.9619140625 0.671875 0.9658203125 0.6640625 0.962890625 0.6484375 0.962890625 0.625 0.966796875 0.625
3 0.7666015625 0.6171875 0.7685546875 0.6328125 0.7705078125 0.625 0.7705078125 0.65625 0.7666015625 0.6796875 0.7685546875 0.6875 0.7666015625 0.703125 0.767578125 0.75 0.7666015625 0.734375 0.7626953125 0.75 0.7626953125 0.796875 0.76171875 0.7890625 0.759765625 0.8046875 0.7587890625 0.8671875 0.7568359375 0.875 0.7578125 0.8984375 0.755859375 0.8984375 0.7548828125 0.9296875 0.7509765625 0.9296875 0.75 0.90625 0.75390625 0.859375 0.75390625 0.8359375 0.759765625 0.734375 0.759765625 0.7109375 0.7548828125 0.671875 0.755859375 0.65625 0.7626953125 0.6328125 0.763671875 0.640625 0.765625 0.625
2 0.837890625 0.421875 0.841796875 0.421875 0.841796875 0.4375 0.83984375 0.4453125 0.837890625 0.546875 0.837890625 0.59375 0.83984375 0.59375 0.83984375 0.6171875 0.8349609375 0.640625 0.8388671875 0.4765625 0.837890625 0.4296875
3 0.671875 0.546875 0.67578125 0.5390625 0.677734375 0.5546875 0.6767578125 0.6015625 0.6748046875 0.6171875 0.6748046875 0.671875 0.6728515625 0.6796875 0.6708984375 0.7265625 0.67578125 0.75 0.66796875 0.75 0.669921875 0.703125 0.6689453125 0.6796875 0.6708984375 0.671875 0.671875 0.640625 0.671875 0.609375 0.669921875 0.59375 0.671875 0.5546875
1 0.578125 0.34375 0.58984375 0.34375 0.60546875 0.3671875 0.609375 0.34375 0.6123046875 0.34375 0.61328125 0.3671875 0.61328125 0.3828125 0.6103515625 0.3984375 0.607421875 0.375 0.5810546875 0.359375 0.5791015625 0.3828125 0.578125 0.453125 0.5810546875 0.4609375 0.580078125 0.4921875 0.58203125 0.5234375 0.5810546875 0.546875 0.578125 0.5390625 0.5751953125 0.5859375 0.5732421875 0.5859375 0.57421875 0.5390625 0.572265625 0.5234375 0.572265625 0.4921875 0.576171875 0.453125 0.5771484375 0.3828125 0.5791015625 0.359375 0.578125 0.3515625
3 0.4814453125 0.4453125 0.482421875 0.4609375 0.4794921875 0.4921875 0.48046875 0.546875 0.478515625 0.546875 0.478515625 0.4921875 0.4775390625 0.484375 0.4765625 0.5 0.4736328125 0.46875 0.4765625 0.4453125 0.48046875 0.453125
3 0.41796875 0.4453125 0.423828125 0.4453125 0.42578125 0.4609375 0.423828125 0.484375 0.42578125 0.4921875 0.427734375 0.53125 0.4248046875 0.53125 0.4228515625 0.5078125 0.4208984375 0.5078125 0.4228515625 0.4921875 0.419921875 0.484375 0.4169921875 0.453125
1 0.7060546875 0.375 0.708984375 0.375 0.708984375 0.3984375 0.7138671875 0.4140625 0.7119140625 0.46875 0.7119140625 0.5 0.7138671875 0.5078125 0.7099609375 0.5703125 0.7109375 0.5859375 0.7080078125 0.5859375 0.7080078125 0.546875 0.7060546875 0.5390625 0.7060546875 0.5234375 0.70703125 0.4921875 0.7099609375 0.4921875 0.7119140625 0.4375 0.7099609375 0.421875 0.7041015625 0.4140625 0.7060546875 0.3828125
