2 0.4775390625 0.1953125 0.4833984375 0.1953125 0.4833984375 0.2109375 0.46875 0.453125 0.46484375 0.5625 0.4619140625 0.5546875 0.462890625 0.5234375 0.4609375 0.5078125 0.45703125 0.515625 0.4560546875 0.5 0.45703125 0.484375 0.4638671875 0.4921875 0.4677734375 0.4453125 0.4794921875 0.2265625 0.4775390625 0.203125
2 0.7392578125 0.2109375 0.751953125 0.2421875 0.755859375 0.2265625 0.7578125 0.25 0.7587890625 0.2421875 0.76171875 0.2578125 0.7578125 0.265625 0.755859375 0.3046875 0.7578125 0.390625 0.7578125 0.84375 0.763671875 0.8515625 0.763671875 0.8671875 0.7587890625 0.8671875 0.7587890625 0.8984375 0.75390625 0.890625 0.7529296875 0.8515625 0.7548828125 0.7734375 0.7529296875 0.7421875 0.7548828125 0.6640625 0.7548828125 0.265625 0.744140625 0.2421875 0.7333984375 0.25 0.73046875 0.2265625 0.7333984375 0.2109375 0.73828125 0.2109375
2 0.544921875 0.4296875 0.548828125 0.453125 0.5439453125 0.4609375 0.5400390625 0.546875 0.537109375 0.5703125 0.5361328125 0.5546875 0.5439453125 0.4375
2 0.6015625 0.484375 0.607421875 0.484375 0.607421875 0.5 0.6025390625 0.5 0.5947265625 0.6171875 0.6015625 0.4921875
2 0.673828125 0.5234375 0.6826171875 0.53125 0.6806640625 0.546875 0.67578125 0.6953125 0.6796875 0.546875 0.673828125 0.53125
1 0.2353515625 0.1953125 0.2529296875 0.203125 0.24609375 0.2109375 0.24609375 0.2265625 0.2685546875 0.234375 0.26953125 0.3359375 0.2734375 0.375 0.2734375 0.3984375 0.2705078125 0.4140625 0.2705078125 0.4375 0.2685546875 0.4375 0.267578125 0.40625 0.265625 0.3984375 0.2646484375 0.34375 0.267578125 0.3359375 0.265625 0.25 0.23828125 0.25 0.236328125 0.2421875 0.2353515625 0.203125
1 0.158203125 0.296875 0.1591796875 0.328125 0.1572265625 0.3359375 0.150390625 0.3203125 0.1298828125 0.34375 0.1318359375 0.3984375 0.134765625 0.40625 0.134765625 0.421875 0.1376953125 0.4375 0.1357421875 0.4921875 0.130859375 0.453125 0.1279296875 0.328125 0.1533203125 0.3125 0.1552734375 0.2890625 0.1572265625 0.296875
2 0.0966796875 0.28125 0.09765625 0.265625 0.103515625 0.265625 0.10546875 0.25 0.1162109375 0.25 0.115234375 0.265625 0.1083984375 0.265625 0.107421875 0.28125 0.115234375 0.4140625 0.123046875 0.4453125 0.12109375 0.484375 0.125 0.5625 0.123046875 0.5546875 0.1201171875 0.5 0.1162109375 0.4921875 0.11328125 0.4609375 0.1142578125 0.4140625 0.1064453125 0.28125 0.09765625 0.28125
3 0.0751953125 0.4765625 0.0830078125 0.484375 0.083984375 0.5 0.083984375 0.515625 0.0791015625 0.546875 0.0849609375 0.65625 0.0830078125 0.65625 0.080078125 0.625 0.0791015625 0.6328125 0.0791015625 0.5546875 0.076171875 0.53125 0.072265625 0.5390625 0.072265625 0.5234375 0.0703125 0.515625 0.0703125 0.484375 0.07421875 0.4765625
3 0.8447265625 0.6484375 0.84765625 0.6640625 0.84765625 0.71875 0.8505859375 0.765625 0.8525390625 0.7734375 0.8525390625 0.7890625 0.8505859375 0.796875 0.8515625 0.8203125 0.8544921875 0.8359375 0.853515625 0.8671875 0.85546875 0.8984375 0.8515625 0.90625 0.8515625 0.8671875 0.8486328125 0.84375 0.84765625 0.796875 0.84375 0.7421875 0.8447265625 0.71875 0.841796875 0.671875 0.84375 0.65625
