2 0.1865234375 0 0.1982421875 0 0.1982421875 0.015625 0.193359375 0.0234375 0.1875 0.15625 0.1884765625 0.171875 0.1845703125 0.265625 0.185546875 0.3125 0.18359375 0.3203125 0.177734375 0.59375 0.1787109375 0.6171875 0.17578125 0.6875 0.1787109375 0.703125 0.1787109375 0.71875 0.1748046875 0.734375 0.1748046875 0.765625 0.1689453125 0.765625 0.1689453125 0.7265625 0.1708984375 0.7109375 0.1708984375 0.671875 0.173828125 0.609375 0.1728515625 0.59375 0.1748046875 0.5859375 0.173828125 0.5703125 0.17578125 0.546875 0.17578125 0.4765625 0.177734375 0.4609375 0.1787109375 0.34375 0.1826171875 0.2421875 0.1826171875 0.1875 0.1884765625 0.046875 0.1865234375 0.0234375 0.181640625 0.015625 0.1865234375 0.0078125
2 0.810546875 0.3359375 0.8134765625 0.34375 0.8115234375 0.359375 0.8134765625 0.3828125 0.8193359375 0.5859375 0.8173828125 0.5859375 0.8154296875 0.484375 0.810546875 0.359375 0.80078125 0.359375 0.80078125 0.34375 0.8095703125 0.34375
2 0.4697265625 0.359375 0.470703125 0.34375 0.482421875 0.34375 0.484375 0.359375 0.482421875 0.375 0.48046875 0.703125 0.4775390625 0.6953125 0.48046875 0.4921875 0.48046875 0.375 0.4775390625 0.359375 0.470703125 0.359375
2 0.7021484375 0.4140625 0.708984375 0.4140625 0.708984375 0.4296875 0.703125 0.4375 0.70703125 0.609375 0.705078125 0.59375 0.7041015625 0.5 0.701171875 0.421875
2 0.6181640625 0.46875 0.626953125 0.46875 0.62109375 0.484375 0.6220703125 0.5625 0.6240234375 0.578125 0.623046875 0.640625 0.62109375 0.609375 0.6220703125 0.578125 0.6201171875 0.484375 0.6181640625 0.4765625
3 0.1826171875 0.5 0.1953125 0.5078125 0.1943359375 0.5390625 0.1923828125 0.546875 0.1943359375 0.5546875 0.1943359375 0.5859375 0.1875 0.609375 0.1904296875 0.625 0.1904296875 0.6640625 0.185546875 0.671875 0.18359375 0.671875 0.1845703125 0.65625 0.1826171875 0.6484375 0.185546875 0.609375 0.181640625 0.5859375 0.181640625 0.5390625 0.18359375 0.5390625 0.1826171875 0.5078125
3 0.2509765625 0.5234375 0.2568359375 0.5234375 0.2568359375 0.546875 0.25 0.609375 0.248046875 0.6015625 0.251953125 0.5625 0.2509765625 0.53125
1 0.2744140625 0.4609375 0.2939453125 0.4609375 0.29296875 0.4921875 0.2890625 0.4765625 0.275390625 0.4765625 0.2734375 0.5078125 0.275390625 0.515625 0.275390625 0.546875 0.2724609375 0.5703125 0.2724609375 0.5 0.2744140625 0.46875
2 0.2568359375 0.3828125 0.271484375 0.3828125 0.271484375 0.3984375 0.2666015625 0.3984375 0.2646484375 0.4140625 0.2607421875 0.578125 0.259765625 0.546875 0.2626953125 0.40625 0.2568359375 0.390625
1 0.3408203125 0.4453125 0.341796875 0.46875 0.3583984375 0.4765625 0.357421875 0.5390625 0.359375 0.5859375 0.3564453125 0.6015625 0.359375 0.6171875 0.35546875 0.6015625 0.3564453125 0.4921875 0.3408203125 0.4765625 0.337890625 0.484375 0.337890625 0.453125 0.33984375 0.4453125
2 0.34765625 0.421875 0.3603515625 0.4296875 0.3544921875 0.4453125 0.353515625 0.5625 0.3515625 0.578125 0.3505859375 0.5625 0.3525390625 0.4453125 0.34765625 0.4296875
