2 0.8046875 0 0.8173828125 0 0.8173828125 0.015625 0.814453125 0.0234375 0.8037109375 0.0234375 0.796875 0.046875 0.8056640625 0.2734375 0.8125 0.5390625 0.81640625 0.578125 0.814453125 0.59375 0.8154296875 0.625 0.810546875 0.625 0.8095703125 0.6015625 0.810546875 0.578125 0.8095703125 0.5234375 0.8076171875 0.5078125 0.8076171875 0.4453125 0.8056640625 0.421875 0.8056640625 0.375 0.7958984375 0.09375 0.7919921875 0.0546875 0.7880859375 0.0546875 0.79296875 0.015625 0.7958984375 0.03125 0.8046875 0.0078125
2 0.1103515625 0.2109375 0.1162109375 0.2109375 0.12109375 0.2265625 0.1259765625 0.21875 0.1279296875 0.234375 0.1279296875 0.25 0.125 0.25 0.1220703125 0.2890625 0.107421875 0.609375 0.10546875 0.6015625 0.1064453125 0.5625 0.1162109375 0.375 0.1162109375 0.34375 0.1181640625 0.3359375 0.1220703125 0.265625 0.12109375 0.234375 0.11328125 0.234375 0.1103515625 0.21875
2 0.8955078125 0.296875 0.896484375 0.28125 0.9091796875 0.28125 0.9091796875 0.296875 0.90234375 0.3046875 0.90234375 0.421875 0.9033203125 0.4296875 0.9052734375 0.3984375 0.908203125 0.40625 0.90625 0.453125 0.9072265625 0.46875 0.9013671875 0.4609375 0.900390625 0.4296875 0.90234375 0.4140625 0.90234375 0.3046875 0.896484375 0.296875
2 0.2734375 0.4765625 0.2763671875 0.46875 0.283203125 0.484375 0.2763671875 0.4921875 0.2734375 0.5703125 0.2734375 0.6171875 0.271484375 0.625 0.2705078125 0.65625 0.2685546875 0.6484375 0.275390625 0.4921875 0.2734375 0.484375
2 0.37109375 0.484375 0.3720703125 0.5 0.3642578125 0.5078125 0.3623046875 0.6875 0.3623046875 0.4921875 0.3701171875 0.484375
1 0.9892578125 0.296875 0.9990234375 0.3046875 0.9951171875 0.3203125 0.9951171875 0.40625 0.9970703125 0.4296875 0.9970703125 0.4765625 0.9921875 0.4609375 0.9912109375 0.46875 0.990234375 0.421875 0.9873046875 0.4296875 0.9873046875 0.4609375 0.9873046875 0.4140625 0.9912109375 0.4140625 0.9931640625 0.3984375 0.9931640625 0.3515625 0.974609375 0.34375 0.974609375 0.3125 0.9775390625 0.3125 0.9794921875 0.3359375 0.9931640625 0.3359375 0.994140625 0.3203125 0.9921875 0.3046875 0.9892578125 0.3046875
1 0.9326171875 0.3359375 0.931640625 0.3671875 0.9150390625 0.359375 0.9140625 0.3828125 0.916015625 0.4296875 0.9140625 0.4453125 0.912109375 0.4296875 0.9130859375 0.34375 0.931640625 0.3359375
3 0.8271484375 0.4140625 0.8291015625 0.421875 0.828125 0.453125 0.830078125 0.4609375 0.830078125 0.484375 0.8271484375 0.5078125 0.8291015625 0.515625 0.8291015625 0.5390625 0.8310546875 0.5390625 0.8310546875 0.5546875 0.8251953125 0.5625 0.8251953125 0.546875 0.8232421875 0.5390625 0.82421875 0.5078125 0.822265625 0.4921875 0.8193359375 0.4921875 0.818359375 0.421875 0.826171875 0.421875
2 0.48046875 0.4453125 0.4833984375 0.453125 0.4814453125 0.4765625 0.484375 0.546875 0.4853515625 0.625 0.4873046875 0.6484375 0.4873046875 0.6953125 0.486328125 0.703125 0.48046875 0.46875 0.470703125 0.4609375 0.4794921875 0.453125
1 0.4296875 0.515625 0.4423828125 0.515625 0.4365234375 0.53125 0.4365234375 0.5703125 0.4501953125 0.5703125 0.4375 0.578125 0.435546875 0.640625 0.4345703125 0.5390625 0.4326171875 0.5234375 0.4296875 0.5234375
