2 0.7099609375 0.2109375 0.7138671875 0.2265625 0.712890625 0.2578125 0.7236328125 0.4765625 0.72265625 0.4921875 0.720703125 0.484375 0.7109375 0.2421875 0.69921875 0.2421875 0.69921875 0.2265625 0.7099609375 0.21875
2 0.87890625 0.234375 0.8916015625 0.234375 0.8916015625 0.25 0.8828125 0.2578125 0.8818359375 0.390625 0.8798828125 0.4375 0.87890625 0.390625 0.8818359375 0.25 0.87890625 0.2421875
2 0.986328 0.242188 0.999023 0.242188 0.999023 0.492188 0.986328 0.492188
2 0.15234375 0.3046875 0.1591796875 0.3203125 0.16796875 0.3125 0.1689453125 0.328125 0.171875 0.328125 0.1708984375 0.34375 0.1669921875 0.34375 0.1572265625 0.53125 0.1572265625 0.5546875 0.154296875 0.578125 0.1484375 0.703125 0.146484375 0.703125 0.146484375 0.6796875 0.166015625 0.3515625 0.1640625 0.328125 0.1572265625 0.328125 0.15234375 0.3125
2 0.013671875 0.3359375 0.017578125 0.34375 0.013671875 0.359375 0.0087890625 0.46875 0.0068359375 0.46875 0.0068359375 0.4375 0.013671875 0.34375
1 0.123046875 0.453125 0.1259765625 0.4765625 0.15234375 0.5078125 0.150390625 0.578125 0.1474609375 0.6171875 0.146484375 0.59375 0.150390625 0.53125 0.1494140625 0.515625 0.125 0.4921875 0.1220703125 0.46875 0.1142578125 0.4765625 0.095703125 0.453125 0.0908203125 0.53125 0.087890625 0.5390625 0.091796875 0.453125 0.0947265625 0.4375 0.1083984375 0.4453125 0.1142578125 0.4609375 0.1181640625 0.4609375 0.1201171875 0.4453125 0.1220703125 0.453125
2 0.08984375 0.3671875 0.1083984375 0.3828125 0.099609375 0.390625 0.0966796875 0.4375 0.0947265625 0.4453125 0.09375 0.4375 0.0966796875 0.390625 0.08984375 0.375
2 0.5341796875 0.3203125 0.55078125 0.3203125 0.546875 0.3359375 0.54296875 0.328125 0.537109375 0.34375 0.5537109375 0.625 0.556640625 0.6484375 0.556640625 0.6875 0.5537109375 0.6796875 0.5517578125 0.6171875 0.54296875 0.4921875 0.5361328125 0.3515625 0.5322265625 0.34375 0.5341796875 0.328125
2 0.5771484375 0.4453125 0.572265625 0.4609375 0.580078125 0.5625 0.5771484375 0.578125 0.578125 0.6015625 0.576171875 0.6015625 0.576171875 0.578125 0.5732421875 0.5625 0.5732421875 0.546875 0.5751953125 0.546875 0.576171875 0.53125 0.572265625 0.46875 0.56640625 0.4609375 0.5693359375 0.4453125 0.576171875 0.4453125
1 0.5986328125 0.46875 0.5986328125 0.4921875 0.59375 0.484375 0.5859375 0.5 0.58984375 0.5390625 0.587890625 0.5859375 0.5830078125 0.5859375 0.5830078125 0.5703125 0.5859375 0.5625 0.5830078125 0.546875 0.5859375 0.5234375 0.583984375 0.484375 0.59765625 0.46875
1 0.62890625 0.40625 0.630859375 0.421875 0.64453125 0.40625 0.6533203125 0.5078125 0.6484375 0.5078125 0.6455078125 0.4765625 0.6455078125 0.4453125 0.642578125 0.421875 0.6279296875 0.4375 0.6279296875 0.4140625
