2 0.7705078125 0 0.7744140625 0 0.77734375 0.046875 0.78125 0.0703125 0.78125 0.0859375 0.783203125 0.0859375 0.7822265625 0.1015625 0.78515625 0.109375 0.78515625 0.1328125 0.7900390625 0.171875 0.7919921875 0.21875 0.7939453125 0.2265625 0.796875 0.2734375 0.796875 0.296875 0.80078125 0.34375 0.802734375 0.34375 0.802734375 0.3984375 0.8056640625 0.4140625 0.8154296875 0.5703125 0.8154296875 0.59375 0.822265625 0.6875 0.8203125 0.703125 0.8173828125 0.703125 0.8154296875 0.6875 0.814453125 0.6484375 0.8095703125 0.5703125 0.8076171875 0.5625 0.8046875 0.4765625 0.794921875 0.3359375 0.791015625 0.25 0.7880859375 0.234375 0.7880859375 0.2109375 0.775390625 0.0625 0.7734375 0.046875 0.7724609375 0.0546875 0.7705078125 0.0078125
2 0.150390625 0.3046875 0.16015625 0.3125 0.162109375 0.328125 0.154296875 0.3203125 0.150390625 0.3515625 0.138671875 0.5234375 0.1357421875 0.53125 0.150390625 0.3359375 0.150390625 0.3125
2 0.2548828125 0.4453125 0.2646484375 0.453125 0.2509765625 0.640625 0.2490234375 0.625 0.2607421875 0.4765625 0.259765625 0.4609375 0.2548828125 0.453125
2 0.4990234375 0.4453125 0.5 0.4609375 0.4931640625 0.4765625 0.501953125 0.7890625 0.4990234375 0.7890625 0.498046875 0.7734375 0.4970703125 0.671875 0.4912109375 0.4765625 0.4912109375 0.453125 0.4931640625 0.4609375 0.4951171875 0.4453125 0.498046875 0.4453125
2 0.548828125 0.5390625 0.552734375 0.53125 0.552734375 0.546875 0.55078125 0.546875 0.5498046875 0.5625 0.556640625 0.6875 0.556640625 0.703125 0.5517578125 0.6875 0.552734375 0.6640625 0.548828125 0.546875
3 0.1484375 0.515625 0.1513671875 0.46875 0.1533203125 0.4765625 0.1533203125 0.4921875 0.1494140625 0.515625
2 0.3828125 0.5625 0.3935546875 0.5625 0.3935546875 0.578125 0.38671875 0.578125 0.384765625 0.59375 0.384765625 0.6796875 0.380859375 0.7578125 0.3798828125 0.7265625 0.3837890625 0.609375 0.3828125 0.5703125
3 0.572265625 0.6171875 0.5751953125 0.6796875 0.5732421875 0.6796875 0.5703125 0.6328125 0.5712890625 0.625
3 0.6181640625 0.671875 0.6259765625 0.6875 0.6259765625 0.71875 0.6240234375 0.7421875 0.615234375 0.7109375 0.615234375 0.6875 0.6171875 0.6796875
1 0.728515625 0.3984375 0.7353515625 0.4609375 0.736328125 0.5 0.734375 0.5 0.7333984375 0.46875 0.7275390625 0.4140625 0.6806640625 0.453125 0.654296875 0.4921875 0.6533203125 0.5 0.658203125 0.5859375 0.65625 0.5859375 0.650390625 0.5 0.650390625 0.4765625 0.6796875 0.4453125 0.681640625 0.4296875 0.681640625 0.40625 0.6875 0.40625 0.6884765625 0.421875 0.6982421875 0.4296875 0.701171875 0.4140625 0.708984375 0.4140625 0.7119140625 0.3984375 0.7275390625 0.3984375
2 0.654296875 0.375 0.654296875 0.390625 0.6474609375 0.3984375 0.6513671875 0.46875 0.650390625 0.484375 0.6435546875 0.3984375 0.6337890625 0.3984375 0.6533203125 0.375
2 0.72168 0.296875 0.733398 0.296875 0.733398 0.414062 0.72168 0.414062
