2 0.0703125 0 0.076171875 0 0.076171875 0.015625 0.064453125 0.046875 0.064453125 0.1640625 0.0771484375 0.7421875 0.0771484375 0.8125 0.0732421875 0.8046875 0.07421875 0.7890625 0.072265625 0.7578125 0.072265625 0.6953125 0.068359375 0.6484375 0.0703125 0.6484375 0.0703125 0.5859375 0.0673828125 0.515625 0.068359375 0.4921875 0.06640625 0.4765625 0.0673828125 0.4296875 0.0654296875 0.3984375 0.0654296875 0.296875 0.0634765625 0.296875 0.064453125 0.265625 0.0615234375 0.2109375 0.0625 0.1640625 0.060546875 0.1640625 0.0625 0.1328125 0.060546875 0.09375 0.0615234375 0.0625 0.0576171875 0.0625 0.0576171875 0.046875 0.060546875 0.0390625 0.060546875 0.015625 0.06640625 0.0234375 0.0703125 0.0078125
2 0.45703125 0.203125 0.4638671875 0.2109375 0.4609375 0.2421875 0.4619140625 0.2578125 0.4599609375 0.3125 0.458984375 0.5234375 0.45703125 0.6015625 0.455078125 0.59375 0.455078125 0.578125 0.4599609375 0.234375 0.45703125 0.2109375
2 0.2705078125 0.3515625 0.27734375 0.359375 0.2763671875 0.5078125 0.275390625 0.375 0.26953125 0.359375
2 0.376953125 0.34375 0.384765625 0.3515625 0.384765625 0.3671875 0.376953125 0.375 0.376953125 0.53125 0.375 0.5234375 0.375 0.359375 0.376953125 0.3515625
2 0.18359375 0.359375 0.19140625 0.3671875 0.1845703125 0.3828125 0.1865234375 0.5390625 0.1845703125 0.5390625 0.185546875 0.46875 0.18359375 0.4375 0.18359375 0.3828125 0.181640625 0.375 0.1826171875 0.3671875
2 0.5625 0.3671875 0.5693359375 0.3671875 0.564453125 0.375 0.5625 0.390625 0.5625 0.5 0.560546875 0.5390625 0.5615234375 0.5703125 0.560546875 0.5546875 0.5595703125 0.5703125 0.5576171875 0.5703125 0.5576171875 0.515625 0.560546875 0.4765625 0.5625 0.375
2 0.599609375 0.40625 0.603515625 0.4140625 0.6015625 0.546875 0.5986328125 0.5078125 0.6015625 0.484375 0.6025390625 0.4296875 0.599609375 0.4140625
3 0.5537109375 0.6875 0.5595703125 0.6875 0.560546875 0.703125 0.5625 0.6953125 0.5654296875 0.7109375 0.56640625 0.6953125 0.5654296875 0.7109375 0.5673828125 0.71875 0.5673828125 0.75 0.5693359375 0.75 0.5693359375 0.734375 0.5673828125 0.7734375 0.5673828125 0.7890625 0.5693359375 0.7890625 0.568359375 0.8046875 0.5654296875 0.78125 0.5615234375 0.828125 0.55859375 0.828125 0.55859375 0.7890625 0.5517578125 0.734375 0.5537109375 0.6953125
1 0.68359375 0.46875 0.7119140625 0.484375 0.712890625 0.578125 0.7109375 0.578125 0.7099609375 0.5625 0.7099609375 0.5078125 0.7080078125 0.4921875 0.6494140625 0.484375 0.6494140625 0.53125 0.6474609375 0.5546875 0.646484375 0.484375 0.6484375 0.46875 0.6826171875 0.4765625
1 0.71484375 0.421875 0.7197265625 0.4375 0.736328125 0.4453125 0.7509765625 0.4296875 0.75390625 0.4453125 0.783203125 0.4453125 0.78515625 0.4609375 0.7998046875 0.4609375 0.8017578125 0.546875 0.80078125 0.609375 0.796875 0.59375 0.796875 0.4765625 0.779296875 0.4765625 0.767578125 0.4609375 0.75 0.46875 0.748046875 0.453125 0.7177734375 0.453125 0.7138671875 0.4375 0.712890625 0.484375 0.7109375 0.484375 0.7109375 0.4296875 0.7138671875 0.421875
2 0.6787109375 0.296875 0.68359375 0.3125 0.6943359375 0.3203125 0.708984375 0.3046875 0.708984375 0.3203125 0.6982421875 0.328125 0.6923828125 0.3515625 0.6923828125 0.4140625 0.689453125 0.4921875 0.6875 0.4921875 0.6904296875 0.40625 0.6884765625 0.3671875 0.69140625 0.3359375 0.6787109375 0.3203125 0.677734375 0.3046875
2 0.65625 0.40625 0.65625 0.421875 0.650390625 0.4296875 0.6484375 0.4765625 0.646484375 0.4765625 0.6484375 0.4140625 0.6552734375 0.40625
2 0.8115234375 0.359375 0.8115234375 0.375 0.8017578125 0.375 0.7998046875 0.390625 0.798828125 0.46875 0.796875 0.4609375 0.798828125 0.3671875 0.810546875 0.359375
