2 0.958984375 0.1875 0.9697265625 0.1953125 0.96875 0.265625 0.970703125 0.359375 0.970703125 0.40625 0.9697265625 0.3984375 0.96875 0.296875 0.966796875 0.2734375 0.96484375 0.2890625 0.96484375 0.265625 0.9677734375 0.2578125 0.9677734375 0.21875 0.9658203125 0.203125 0.958984375 0.1953125
2 0.0966796875 0.21875 0.1083984375 0.2109375 0.1083984375 0.2265625 0.0986328125 0.2265625 0.0966796875 0.2421875 0.091796875 0.375 0.0927734375 0.40625 0.08984375 0.421875 0.0888671875 0.4453125 0.0869140625 0.4453125 0.0869140625 0.390625 0.08984375 0.3671875 0.087890625 0.359375 0.0859375 0.375 0.0830078125 0.375 0.0849609375 0.328125 0.08984375 0.34375 0.091796875 0.3359375 0.0966796875 0.2265625
2 0.8369140625 0.25 0.8466796875 0.25 0.8447265625 0.265625 0.837890625 0.2734375 0.84765625 0.4453125 0.84765625 0.46875 0.8447265625 0.4296875 0.84375 0.4453125 0.8447265625 0.4140625 0.837890625 0.28125 0.8349609375 0.265625 0.8359375 0.2578125
2 0.1806640625 0.2890625 0.1884765625 0.3125 0.1806640625 0.4296875 0.181640625 0.4609375 0.1767578125 0.5 0.1748046875 0.5 0.17578125 0.4609375 0.1728515625 0.453125 0.173828125 0.4296875 0.1748046875 0.4453125 0.1787109375 0.4375 0.1865234375 0.328125 0.185546875 0.3125 0.1806640625 0.296875
2 0.5556640625 0.515625 0.5654296875 0.5234375 0.5693359375 0.65625 0.572265625 0.671875 0.5703125 0.7265625 0.5693359375 0.6953125 0.56640625 0.6796875 0.5673828125 0.625 0.564453125 0.5390625 0.5556640625 0.5234375
2 0.4892578125 0.5546875 0.4970703125 0.546875 0.490234375 0.578125 0.490234375 0.6953125 0.4892578125 0.6875 0.4873046875 0.703125 0.4892578125 0.5625
2 0.5126953125 0.6328125 0.513671875 0.6171875 0.5341796875 0.6171875 0.53515625 0.671875 0.5390625 0.703125 0.5380859375 0.734375 0.53515625 0.734375 0.533203125 0.703125 0.5322265625 0.625 0.513671875 0.6328125
3 0.14453125 0.3984375 0.1494140625 0.3984375 0.1474609375 0.4453125 0.14453125 0.4609375 0.1435546875 0.484375 0.142578125 0.4296875 0.14453125 0.40625
1 0.267578125 0.4375 0.28125 0.453125 0.2998046875 0.453125 0.3056640625 0.46875 0.31640625 0.4609375 0.3173828125 0.4765625 0.330078125 0.4609375 0.3310546875 0.46875 0.328125 0.4765625 0.3330078125 0.4921875 0.3427734375 0.4921875 0.345703125 0.5078125 0.3701171875 0.5234375 0.3671875 0.6328125 0.36328125 0.7109375 0.3623046875 0.6875 0.3662109375 0.6328125 0.3681640625 0.5703125 0.3671875 0.53125 0.33984375 0.5234375 0.337890625 0.5078125 0.3291015625 0.5078125 0.328125 0.4921875 0.3173828125 0.5 0.314453125 0.484375 0.3046875 0.484375 0.2802734375 0.453125 0.26953125 0.4609375 0.267578125 0.4453125 0.255859375 0.4375 0.251953125 0.484375 0.2529296875 0.5078125 0.25 0.5234375 0.25 0.546875 0.2451171875 0.6015625 0.244140625 0.59375 0.248046875 0.5546875 0.2470703125 0.5390625 0.2548828125 0.4296875 0.2666015625 0.4375
2 0.361328125 0.3828125 0.3720703125 0.40625 0.3916015625 0.4140625 0.3759765625 0.4296875 0.37109375 0.53125 0.3701171875 0.5 0.373046875 0.4296875 0.361328125 0.390625
1 0.664062 0 0.764648 0 0.764648 0.734375 0.664062 0.734375
