2 0.3759765625 0.453125 0.380859375 0.453125 0.37890625 0.3515625 0.3828125 0.3359375 0.388671875 0.3359375 0.3798828125 0.359375 0.3818359375 0.4609375 0.384765625 0.5078125 0.3837890625 0.5625 0.3818359375 0.5625 0.3798828125 0.5 0.3759765625 0.5 0.3759765625 0.4609375
2 0.45703125 0.328125 0.46484375 0.34375 0.4658203125 0.4609375 0.4677734375 0.46875 0.4677734375 0.5078125 0.466796875 0.5234375 0.46484375 0.5234375 0.4619140625 0.46875 0.4619140625 0.4453125 0.46484375 0.4375 0.46484375 0.359375 0.462890625 0.34375 0.45703125 0.3359375
2 0.859375 0.3671875 0.869140625 0.3828125 0.8671875 0.46875 0.8681640625 0.5625 0.8662109375 0.5703125 0.8662109375 0.6015625 0.8642578125 0.609375 0.8642578125 0.5703125 0.8623046875 0.546875 0.865234375 0.53125 0.8662109375 0.5078125 0.8681640625 0.3984375 0.859375 0.375
2 0.263671875 0.375 0.271484375 0.3828125 0.275390625 0.5703125 0.2734375 0.578125 0.271484375 0.4609375 0.2666015625 0.4609375 0.2666015625 0.4453125 0.271484375 0.4375 0.2705078125 0.3984375 0.263671875 0.3828125
2 0.15625 0.390625 0.1591796875 0.40625 0.1650390625 0.3984375 0.1650390625 0.4140625 0.1572265625 0.421875 0.158203125 0.609375 0.15625 0.421875 0.154296875 0.4140625 0.15625 0.3984375
1 0.634765625 0.2265625 0.6689453125 0.2265625 0.66796875 0.2421875 0.6533203125 0.25 0.6494140625 0.3828125 0.6455078125 0.3671875 0.6181640625 0.375 0.615234375 0.359375 0.568359375 0.375 0.5517578125 0.3671875 0.6015625 0.34375 0.6455078125 0.359375 0.6494140625 0.34375 0.6474609375 0.328125 0.6494140625 0.3125 0.6494140625 0.2578125 0.6455078125 0.2421875 0.6357421875 0.234375
2 0.544921875 0.28125 0.541015625 0.3046875 0.5361328125 0.3046875 0.533203125 0.3203125 0.53515625 0.328125 0.5341796875 0.5078125 0.5322265625 0.5078125 0.5302734375 0.3046875 0.5361328125 0.265625 0.54296875 0.265625 0.5439453125 0.28125
1 0.818359375 0.4453125 0.8330078125 0.453125 0.8310546875 0.4921875 0.8310546875 0.53125 0.8330078125 0.5546875 0.8310546875 0.5703125 0.828125 0.5625 0.828125 0.546875 0.826171875 0.5390625 0.828125 0.5078125 0.8271484375 0.4609375 0.8115234375 0.453125 0.787109375 0.453125 0.7841796875 0.484375 0.7841796875 0.5390625 0.7802734375 0.546875 0.783203125 0.40625 0.7861328125 0.3671875 0.7939453125 0.359375 0.7861328125 0.3828125 0.7861328125 0.4453125 0.8173828125 0.4453125
2 0.984375 0.203125 0.9990234375 0.1796875 0.9990234375 0.4375 0.9970703125 0.4453125 0.9990234375 0.453125 0.9990234375 0.6015625 0.9970703125 0.6015625 0.9951171875 0.6328125 0.994140625 0.609375 0.9970703125 0.6015625 0.9951171875 0.59375 0.99609375 0.5546875 0.994140625 0.515625 0.9951171875 0.4921875 0.998046875 0.484375 0.9951171875 0.4453125 0.998046875 0.375 0.9970703125 0.3359375 0.994140625 0.3203125 0.994140625 0.3046875 0.9970703125 0.2890625 0.9951171875 0.28125 0.99609375 0.2109375 0.9853515625 0.2109375
1 0.3046875 0 0.318359375 0 0.3349609375 0.0234375 0.3310546875 0.0390625 0.322265625 0.0390625 0.3203125 0.015625 0.3095703125 0.015625 0.310546875 0.0390625 0.3154296875 0.0703125 0.3125 0.140625 0.3134765625 0.203125 0.3173828125 0.2421875 0.31640625 0.2734375 0.318359375 0.359375 0.3193359375 0.3828125 0.326171875 0.4375 0.326171875 0.46875 0.322265625 0.484375 0.322265625 0.5078125 0.3251953125 0.5234375 0.3251953125 0.5625 0.322265625 0.5859375 0.3232421875 0.6328125 0.3173828125 0.6328125 0.31640625 0.5859375 0.3115234375 0.5546875 0.3154296875 0.4921875 0.310546875 0.4765625 0.30859375 0.453125 0.310546875 0.3828125 0.3134765625 0.3671875 0.310546875 0.25 0.3076171875 0.234375 0.267578125 0.1875 0.234375 0.1796875 0.2333984375 0.203125 0.216796875 0.203125 0.208984375 0.1640625 0.15625 0.1640625 0.12890625 0.1796875 0.11328125 0.1953125 0.1103515625 0.2109375 0.109375 0.234375 0.1015625 0.25 0.0947265625 0.25 0.091796875 0.2265625 0.0712890625 0.2421875 0.044921875 0.296875 0.03125 0.3125 0.02734375 0.3359375 0.02734375 0.3515625 0.0166015625 0.34375 0 0.3828125 0 0.359375 0.0029296875 0.3515625 0.015625 0.3359375 0.025390625 0.296875 0.0380859375 0.2890625 0.0478515625 0.2578125 0.08203125 0.21875 0.1015625 0.171875 0.130859375 0.1640625 0.138671875 0.1484375 0.158203125 0.1484375 0.173828125 0.1328125 0.2255859375 0.1328125 0.2333984375 0.1484375 0.2666015625 0.1640625 0.3076171875 0.2109375 0.3095703125 0.1953125 0.3095703125 0.171875 0.3056640625 0.0859375 0.3056640625 0.0078125
