2 0.404296875 0.2734375 0.4052734375 0.2421875 0.412109375 0.234375 0.412109375 0.25 0.4052734375 0.2578125 0.404296875 0.3515625 0.4013671875 0.3671875 0.4033203125 0.28125
2 0.4638671875 0.25 0.470703125 0.265625 0.466796875 0.359375 0.4677734375 0.390625 0.4638671875 0.421875 0.462890625 0.375 0.4658203125 0.3671875 0.4677734375 0.296875 0.4697265625 0.28125 0.46875 0.265625 0.4638671875 0.2578125
2 0.0966796875 0.328125 0.10546875 0.3359375 0.115234375 0.46875 0.119140625 0.5 0.1240234375 0.5 0.1240234375 0.5234375 0.123046875 0.5078125 0.12109375 0.53125 0.12109375 0.5859375 0.1162109375 0.5234375 0.1123046875 0.515625 0.115234375 0.4921875 0.11328125 0.484375 0.1142578125 0.46875 0.1064453125 0.359375 0.0966796875 0.3359375
2 0.701171875 0.4375 0.7119140625 0.4375 0.7119140625 0.453125 0.703125 0.453125 0.6904296875 0.65625 0.6943359375 0.5625 0.7021484375 0.453125 0.701171875 0.4453125
2 0.8271484375 0.46875 0.83984375 0.4765625 0.837890625 0.5 0.8359375 0.75 0.8349609375 0.671875 0.8369140625 0.4921875 0.8271484375 0.4765625
2 0 0.4609375 0.0048828125 0.5703125 0.0087890625 0.59375 0.0078125 0.6171875 0.0107421875 0.625 0.0126953125 0.6484375 0.01171875 0.6875 0.013671875 0.71875 0.01171875 0.7265625 0.0087890625 0.6796875 0.00390625 0.6484375 0.0048828125 0.609375 0 0.515625 0 0.46875
3 0.0791015625 0.5078125 0.0830078125 0.5234375 0.087890625 0.6328125 0.0849609375 0.6328125 0.0849609375 0.6171875 0.080078125 0.5859375 0.0771484375 0.53125 0.078125 0.515625
3 0.126953125 0.546875 0.1318359375 0.5546875 0.1328125 0.6015625 0.1318359375 0.6171875 0.1259765625 0.5703125 0.126953125 0.5546875
3 0.324219 0.367188 0.333984 0.367188 0.333984 0.421875 0.324219 0.421875
1 0.3173828125 0.25 0.3212890625 0.328125 0.3212890625 0.3984375 0.318359375 0.3984375 0.31640625 0.3046875 0.314453125 0.28125 0.2724609375 0.2734375 0.24609375 0.2890625 0.2001953125 0.34375 0.19921875 0.3515625 0.205078125 0.4453125 0.2041015625 0.4765625 0.201171875 0.46875 0.2001953125 0.4296875 0.1943359375 0.34375 0.1962890625 0.3125 0.271484375 0.2421875 0.31640625 0.25
2 0.2021484375 0.1953125 0.201171875 0.2265625 0.1953125 0.2265625 0.193359375 0.2421875 0.1943359375 0.28125 0.1962890625 0.296875 0.1962890625 0.328125 0.1923828125 0.3203125 0.1884765625 0.2265625 0.1943359375 0.1953125 0.201171875 0.1953125
2 0.3271484375 0.140625 0.3291015625 0.1484375 0.328125 0.171875 0.3173828125 0.1796875 0.318359375 0.2421875 0.31640625 0.2578125 0.314453125 0.25 0.314453125 0.1953125 0.3125 0.171875 0.2998046875 0.1640625 0.2998046875 0.140625 0.326171875 0.140625
1 0.40625 0.296875 0.4345703125 0.296875 0.44140625 0.3125 0.44140625 0.3984375 0.4375 0.40625 0.4375 0.3671875 0.439453125 0.3359375 0.4384765625 0.3203125 0.40625 0.3046875
3 0.7333984375 0.6796875 0.7421875 0.6796875 0.7421875 0.703125 0.7373046875 0.71875 0.7392578125 0.734375 0.7333984375 0.7109375 0.7333984375 0.6875
1 0.529296875 0 0.5341796875 0 0.5380859375 0.0390625 0.5380859375 0.328125 0.5341796875 0.3515625 0.5302734375 0.40625 0.5224609375 0.5703125 0.5166015625 0.578125 0.5166015625 0.5390625 0.51953125 0.4765625 0.529296875 0.3203125 0.5302734375 0.171875 0.52734375 0.0703125 0.5205078125 0.1796875 0.509765625 0.296875 0.5068359375 0.3984375 0.5029296875 0.46875 0.490234375 0.640625 0.4853515625 0.734375 0.4833984375 0.7265625 0.4833984375 0.7109375 0.490234375 0.5546875 0.4990234375 0.421875 0.50390625 0.28125 0.5166015625 0.109375 0.5244140625 0.0234375 0.5283203125 0
