2 0.5517578125 0.203125 0.5615234375 0.21875 0.572265625 0.21875 0.5634765625 0.2265625 0.560546875 0.2578125 0.560546875 0.2265625 0.5517578125 0.2109375
2 0.0361328125 0.3984375 0.041015625 0.390625 0.041015625 0.40625 0.0380859375 0.4140625 0.0380859375 0.53125 0.0390625 0.6015625 0.0419921875 0.625 0.041015625 0.6875 0.0390625 0.703125 0.0400390625 0.75 0.037109375 0.75 0.037109375 0.5078125 0.03515625 0.484375 0.037109375 0.4375 0.0361328125 0.40625
2 0.2314453125 0.4609375 0.2333984375 0.4609375 0.236328125 0.5390625 0.23828125 0.546875 0.2373046875 0.5625 0.2353515625 0.5625 0.2353515625 0.5234375 0.2314453125 0.46875
2 0.896484375 0.46875 0.908203125 0.4765625 0.9033203125 0.484375 0.9013671875 0.5 0.8994140625 0.578125 0.900390625 0.609375 0.8984375 0.6328125 0.896484375 0.6171875 0.896484375 0.59375 0.8984375 0.5859375 0.9013671875 0.4921875 0.896484375 0.4765625
3 0.1962890625 0.515625 0.1982421875 0.5390625 0.2001953125 0.5390625 0.201171875 0.5625 0.205078125 0.5546875 0.203125 0.5859375 0.2041015625 0.59375 0.2099609375 0.609375 0.2060546875 0.6328125 0.2080078125 0.6484375 0.2119140625 0.6328125 0.2119140625 0.6484375 0.208984375 0.65625 0.20703125 0.6875 0.203125 0.6953125 0.203125 0.71875 0.2158203125 0.7265625 0.2158203125 0.7421875 0.2099609375 0.7890625 0.208984375 0.8125 0.2060546875 0.8203125 0.2080078125 0.84375 0.2138671875 0.84375 0.216796875 0.859375 0.2177734375 0.8515625 0.2216796875 0.890625 0.212890625 0.921875 0.21484375 0.96875 0.2158203125 0.9375 0.21875 0.9375 0.2177734375 0.953125 0.2197265625 0.9765625 0.2158203125 0.96875 0.2158203125 0.9921875 0.2099609375 0.9921875 0.20703125 0.9453125 0.2060546875 0.953125 0.205078125 0.9375 0.203125 0.9453125 0.2021484375 0.9296875 0.1982421875 0.921875 0.1953125 0.921875 0.1943359375 0.9296875 0.1962890625 0.9453125 0.193359375 0.9609375 0.1953125 0.921875 0.189453125 0.9140625 0.19140625 0.8671875 0.1962890625 0.8515625 0.197265625 0.8359375 0.1982421875 0.84375 0.19921875 0.828125 0.1884765625 0.765625 0.1875 0.7734375 0.1826171875 0.75 0.1826171875 0.734375 0.1865234375 0.7265625 0.193359375 0.734375 0.1953125 0.7109375 0.1904296875 0.7109375 0.185546875 0.6875 0.18359375 0.6015625 0.181640625 0.5859375 0.181640625 0.546875 0.185546875 0.546875 0.1865234375 0.5234375 0.1953125 0.515625
1 0.1806640625 0.484375 0.1826171875 0.5 0.181640625 0.5234375 0.166015625 0.5234375 0.162109375 0.5390625 0.142578125 0.53125 0.142578125 0.6796875 0.140625 0.6796875 0.1396484375 0.640625 0.1396484375 0.5859375 0.1376953125 0.546875 0.138671875 0.515625 0.1708984375 0.5 0.1728515625 0.484375 0.1796875 0.484375
2 0.3388671875 0.2265625 0.337890625 0.265625 0.3447265625 0.3984375 0.3447265625 0.4453125 0.3515625 0.6171875 0.3505859375 0.640625 0.3486328125 0.6328125 0.3447265625 0.5390625 0.3447265625 0.5078125 0.341796875 0.453125 0.341796875 0.40625 0.3349609375 0.2578125 0.330078125 0.234375 0.337890625 0.2265625
1 0.494140625 0.3515625 0.494140625 0.375 0.4462890625 0.3828125 0.4462890625 0.4921875 0.4443359375 0.4921875 0.443359375 0.4609375 0.443359375 0.4140625 0.44140625 0.3828125 0.4423828125 0.359375 0.4755859375 0.359375 0.4775390625 0.34375 0.4931640625 0.3515625
1 0.5693359375 0.25 0.6044921875 0.2890625 0.60546875 0.359375 0.603515625 0.3984375 0.6025390625 0.5078125 0.599609375 0.5 0.6005859375 0.390625 0.6025390625 0.359375 0.6015625 0.3125 0.568359375 0.2734375 0.5634765625 0.2734375 0.5615234375 0.296875 0.560546875 0.46875 0.5595703125 0.4921875 0.5576171875 0.4921875 0.5595703125 0.421875 0.560546875 0.2578125 0.568359375 0.25
2 0.623046875 0.3359375 0.626953125 0.3515625 0.6240234375 0.453125 0.6259765625 0.46875 0.6240234375 0.484375 0.6220703125 0.46875 0.6240234375 0.4453125 0.6259765625 0.359375 0.623046875 0.34375
3 0.7685546875 0.5 0.7705078125 0.5078125 0.7705078125 0.53125 0.767578125 0.546875 0.7666015625 0.578125 0.7646484375 0.578125 0.767578125 0.5078125
1 0.8017578125 0.40625 0.8037109375 0.4296875 0.8232421875 0.4375 0.814453125 0.6640625 0.8115234375 0.6640625 0.810546875 0.6328125 0.818359375 0.4609375 0.7978515625 0.453125 0.794921875 0.4375 0.7978515625 0.40625 0.80078125 0.40625
2 0.83984375 0.25 0.8408203125 0.2578125 0.837890625 0.28125 0.8291015625 0.2890625 0.8291015625 0.328125 0.8232421875 0.4375 0.8212890625 0.4375 0.8203125 0.421875 0.826171875 0.328125 0.826171875 0.296875 0.818359375 0.2890625 0.818359375 0.265625 0.8388671875 0.25
1 0.9326171875 0.5390625 0.9521484375 0.5546875 0.951171875 0.671875 0.9482421875 0.6796875 0.9482421875 0.578125 0.94140625 0.5625 0.9326171875 0.5625 0.9326171875 0.546875
