2 0.671875 0.171875 0.67578125 0.1875 0.69140625 0.203125 0.681640625 0.21875 0.681640625 0.3828125 0.6826171875 0.4453125 0.6845703125 0.4609375 0.6845703125 0.4921875 0.6826171875 0.5 0.6826171875 0.5625 0.6806640625 0.5390625 0.6806640625 0.5078125 0.677734375 0.4765625 0.6787109375 0.4453125 0.6806640625 0.4453125 0.6796875 0.2109375 0.6767578125 0.1953125 0.66796875 0.1875 0.6708984375 0.1796875
3 0.533203125 0.484375 0.5341796875 0.4921875 0.5361328125 0.4765625 0.54296875 0.4765625 0.546875 0.5078125 0.546875 0.53125 0.5419921875 0.5625 0.5419921875 0.6015625 0.5380859375 0.59375 0.5400390625 0.5625 0.5361328125 0.5546875 0.5322265625 0.5234375 0.533203125 0.4921875
2 0.6064453125 0.3671875 0.607421875 0.4375 0.609375 0.46875 0.6083984375 0.4921875 0.6142578125 0.5 0.607421875 0.5 0.6064453125 0.375
1 0 0.4140625 0.0341796875 0.421875 0.0361328125 0.40625 0.0546875 0.40625 0.056640625 0.4140625 0.0576171875 0.4453125 0.068359375 0.4453125 0.0673828125 0.46875 0.0166015625 0.46875 0 0.4609375 0 0.421875
1 0.6669921875 0.34375 0.67578125 0.34375 0.677734375 0.375 0.6953125 0.3828125 0.697265625 0.3984375 0.697265625 0.5 0.6953125 0.5 0.6943359375 0.484375 0.6943359375 0.4140625 0.689453125 0.3984375 0.658203125 0.40625 0.6474609375 0.421875 0.6337890625 0.40625 0.6337890625 0.4921875 0.6357421875 0.5078125 0.6337890625 0.5234375 0.630859375 0.5 0.6298828125 0.4453125 0.630859375 0.3828125 0.6357421875 0.3828125 0.6396484375 0.3671875 0.6650390625 0.375 0.6669921875 0.3515625
2 0.953125 0.28125 0.9609375 0.2890625 0.9521484375 0.296875 0.9501953125 0.3125 0.9453125 0.5546875 0.9462890625 0.59375 0.943359375 0.59375 0.943359375 0.5625 0.94921875 0.3125 0.94140625 0.3046875 0.9404296875 0.2890625 0.9521484375 0.2890625
3 0.998046875 0.515625 0.9990234375 0.53125 0.99609375 0.5625 0.99609375 0.5859375 0.9931640625 0.5703125 0.9951171875 0.5625 0.9951171875 0.5234375 0.9970703125 0.515625
1 0.9921875 0.4140625 0.9931640625 0.4296875 0.9990234375 0.421875 0.9990234375 0.4453125 0.9892578125 0.453125 0.9873046875 0.4375 0.978515625 0.453125 0.9765625 0.484375 0.9755859375 0.578125 0.97265625 0.578125 0.9736328125 0.4765625 0.9755859375 0.4296875 0.9912109375 0.4140625
1 0.96484375 0.4453125 0.970703125 0.453125 0.970703125 0.46875 0.96875 0.484375 0.9638671875 0.484375 0.962890625 0.46875 0.955078125 0.46875 0.9541015625 0.5546875 0.951171875 0.5546875 0.951171875 0.4921875 0.953125 0.4609375 0.96484375 0.453125
1 0.556640625 0.5 0.5556640625 0.4296875 0.5576171875 0.40625 0.5712890625 0.3984375 0.578125 0.3984375 0.578125 0.4296875 0.5595703125 0.4296875 0.5576171875 0.5
