2 0.9287109375 0.2578125 0.9365234375 0.4296875 0.9404296875 0.4609375 0.9404296875 0.53125 0.9384765625 0.5234375 0.9384765625 0.4921875 0.9345703125 0.46875 0.935546875 0.421875 0.9287109375 0.2734375 0.91796875 0.2734375 0.9189453125 0.2578125 0.927734375 0.2578125
2 0.580078125 0.53125 0.587890625 0.53125 0.58203125 0.5390625 0.580078125 0.5546875 0.5810546875 0.6796875 0.5791015625 0.7109375 0.578125 0.6640625 0.580078125 0.625 0.580078125 0.5390625
1 0.275390625 0.28125 0.2822265625 0.2890625 0.28515625 0.3203125 0.2880859375 0.328125 0.298828125 0.3203125 0.306640625 0.328125 0.3115234375 0.3515625 0.3251953125 0.34375 0.3369140625 0.375 0.3642578125 0.3984375 0.365234375 0.4140625 0.3603515625 0.515625 0.3544921875 0.578125 0.353515625 0.5546875 0.361328125 0.4296875 0.359375 0.4140625 0.3427734375 0.40625 0.3359375 0.390625 0.326171875 0.3984375 0.3095703125 0.3671875 0.294921875 0.3671875 0.2861328125 0.34375 0.26171875 0.3515625 0.259765625 0.328125 0.2529296875 0.3203125 0.23046875 0.3203125 0.2236328125 0.4921875 0.2216796875 0.5078125 0.220703125 0.4609375 0.2275390625 0.296875 0.2607421875 0.3046875 0.263671875 0.28125 0.2744140625 0.28125
2 0.3447265625 0.3203125 0.3525390625 0.34375 0.361328125 0.34375 0.3525390625 0.359375 0.349609375 0.40625 0.3505859375 0.421875 0.3466796875 0.4609375 0.341796875 0.5546875 0.3388671875 0.5546875 0.3447265625 0.4375 0.3515625 0.359375 0.3505859375 0.34375 0.3447265625 0.328125
3 0.43359375 0.578125 0.4375 0.578125 0.4384765625 0.6015625 0.43359375 0.625 0.427734375 0.7421875 0.43359375 0.5859375
3 0.634765625 0.6328125 0.6357421875 0.7109375 0.6318359375 0.7109375 0.6337890625 0.6796875 0.630859375 0.65625 0.6337890625 0.6328125
1 0.6494140625 0.2265625 0.654296875 0.296875 0.65234375 0.328125 0.6435546875 0.3359375 0.634765625 0.3671875 0.6298828125 0.3671875 0.609375 0.4296875 0.609375 0.6328125 0.611328125 0.7421875 0.611328125 0.796875 0.609375 0.8359375 0.6064453125 0.828125 0.60546875 0.796875 0.60546875 0.6796875 0.603515625 0.6484375 0.603515625 0.25 0.5947265625 0.2421875 0.59375 0.21875 0.607421875 0.171875 0.6083984375 0.1484375 0.611328125 0.1328125 0.619140625 0.140625 0.619140625 0.15625 0.61328125 0.1640625 0.6064453125 0.2109375 0.607421875 0.3984375 0.63671875 0.3203125 0.638671875 0.3046875 0.638671875 0.234375 0.6484375 0.2265625
1 0.734375 0.53125 0.7353515625 0.5078125 0.73828125 0.515625 0.7509765625 0.5 0.7509765625 0.4609375 0.748046875 0.4375 0.744140625 0.4375 0.7431640625 0.421875 0.751953125 0.40625 0.759765625 0.4140625 0.7587890625 0.4296875 0.75390625 0.4296875 0.7529296875 0.453125 0.76171875 0.59375 0.76171875 0.6171875 0.7587890625 0.609375 0.75390625 0.53125 0.7353515625 0.53125
3 0.8583984375 0.4609375 0.8642578125 0.484375 0.8642578125 0.5078125 0.861328125 0.515625 0.86328125 0.5703125 0.859375 0.5390625 0.859375 0.515625 0.85546875 0.4921875 0.85546875 0.46875 0.857421875 0.4609375
3 0.9736328125 0.3671875 0.9794921875 0.3671875 0.982421875 0.421875 0.982421875 0.4375 0.9794921875 0.453125 0.9814453125 0.5078125 0.9814453125 0.5625 0.9794921875 0.5625 0.978515625 0.5 0.974609375 0.453125 0.9716796875 0.453125 0.9755859375 0.421875 0.9736328125 0.375
