2 0.1337890625 0.21875 0.1376953125 0.234375 0.142578125 0.46875 0.1455078125 0.4765625 0.146484375 0.5 0.146484375 0.515625 0.1435546875 0.53125 0.14453125 0.5859375 0.142578125 0.53125 0.1396484375 0.5234375 0.138671875 0.484375 0.1416015625 0.46875 0.1416015625 0.4453125 0.13671875 0.2421875 0.1337890625 0.2265625
2 0.3935546875 0.34375 0.4052734375 0.3515625 0.400390625 0.359375 0.3984375 0.3984375 0.3984375 0.359375 0.3935546875 0.3515625
2 0.396484375 0.4296875 0.39453125 0.5 0.396484375 0.4375
2 0.56640625 0.46875 0.5673828125 0.453125 0.57421875 0.4609375 0.568359375 0.4609375 0.56640625 0.4765625 0.5634765625 0.5625 0.564453125 0.59375 0.560546875 0.6171875 0.560546875 0.5859375 0.564453125 0.5234375 0.5654296875 0.4765625
2 0.65234375 0.5 0.658203125 0.5078125 0.65625 0.640625 0.6572265625 0.515625 0.65234375 0.5078125
3 0.015625 0.4609375 0.01953125 0.4765625 0.0205078125 0.5078125 0.025390625 0.546875 0.0224609375 0.59375 0.025390625 0.609375 0.0234375 0.671875 0.0263671875 0.703125 0.0244140625 0.71875 0.0224609375 0.6796875 0.01953125 0.6640625 0.0205078125 0.6484375 0.0146484375 0.625 0.0146484375 0.609375 0.0185546875 0.59375 0.013671875 0.5703125 0.013671875 0.5390625 0.01171875 0.515625 0.01171875 0.484375 0.0146484375 0.46875
1 0.345703125 0.34375 0.35546875 0.3515625 0.357421875 0.3671875 0.3974609375 0.3828125 0.404296875 0.3984375 0.404296875 0.4375 0.4013671875 0.4453125 0.40234375 0.453125 0.400390625 0.484375 0.3984375 0.484375 0.3984375 0.46875 0.40234375 0.4140625 0.3955078125 0.3984375 0.3271484375 0.3671875 0.3232421875 0.390625 0.3232421875 0.4140625 0.3203125 0.390625 0.322265625 0.359375 0.341796875 0.3671875 0.3447265625 0.34375
3 0.4248046875 0.484375 0.4287109375 0.484375 0.4287109375 0.5 0.42578125 0.515625 0.4248046875 0.5625 0.4248046875 0.4921875
3 0.613281 0.578125 0.620117 0.578125 0.620117 0.679688 0.613281 0.679688
1 0.814453125 0.53125 0.818359375 0.5390625 0.8203125 0.5859375 0.8203125 0.6015625 0.8173828125 0.609375 0.81640625 0.5703125 0.814453125 0.5546875 0.7958984375 0.546875 0.8134765625 0.53125
1 0.4775390625 0.15625 0.486328125 0.1953125 0.494140625 0.203125 0.4970703125 0.21875 0.48828125 0.21875 0.484375 0.2421875 0.4814453125 0.3203125 0.4853515625 0.34375 0.478515625 0.390625 0.478515625 0.4453125 0.4755859375 0.46875 0.4775390625 0.484375 0.4755859375 0.4921875 0.4765625 0.5 0.4736328125 0.53125 0.4755859375 0.5546875 0.474609375 0.578125 0.470703125 0.59375 0.4697265625 0.5703125 0.4716796875 0.5625 0.4697265625 0.515625 0.47265625 0.453125 0.4716796875 0.4375 0.4736328125 0.421875 0.47265625 0.3828125 0.470703125 0.3671875 0.4560546875 0.359375 0.4462890625 0.3359375 0.4365234375 0.34375 0.435546875 0.296875 0.4423828125 0.2890625 0.4423828125 0.3125 0.4443359375 0.328125 0.4736328125 0.359375 0.478515625 0.328125 0.48046875 0.2578125 0.4833984375 0.2265625 0.4833984375 0.203125 0.4814453125 0.1875 0.4736328125 0.171875 0.4765625 0.15625
1 0.7705078125 0.359375 0.7841796875 0.359375 0.791015625 0.34375 0.794921875 0.3515625 0.787109375 0.359375 0.7841796875 0.3828125 0.787109375 0.515625 0.7861328125 0.5390625 0.7890625 0.59375 0.7890625 0.6484375 0.787109375 0.65625 0.7822265625 0.6015625 0.783203125 0.5390625 0.78125 0.515625 0.775390625 0.5078125 0.7548828125 0.5234375 0.7548828125 0.4921875 0.7587890625 0.4921875 0.7607421875 0.5078125 0.7705078125 0.5078125 0.779296875 0.5 0.7822265625 0.484375 0.78125 0.375 0.7705078125 0.3671875
