2 0.6298828125 0.2421875 0.6416015625 0.25 0.6376953125 0.3984375 0.638671875 0.46875 0.63671875 0.515625 0.638671875 0.53125 0.6435546875 0.53125 0.6376953125 0.5390625 0.63671875 0.5234375 0.6328125 0.546875 0.6328125 0.53125 0.630859375 0.5234375 0.6328125 0.4375 0.63671875 0.4140625 0.640625 0.265625 0.6376953125 0.25 0.6298828125 0.25
2 0.55957 0.289062 0.56543 0.289062 0.56543 0.476562 0.55957 0.476562
2 0.44140625 0.328125 0.4453125 0.3359375 0.447265625 0.4296875 0.4462890625 0.484375 0.4443359375 0.34375 0.44140625 0.3359375
2 0.810546875 0 0.8125 0 0.8134765625 0.015625 0.814453125 0 0.818359375 0 0.8193359375 0.03125 0.81640625 0.0390625 0.8115234375 0.1015625 0.8125 0.125 0.8115234375 0.1171875 0.806640625 0.1640625 0.806640625 0.21875 0.802734375 0.25 0.80078125 0.3125 0.7978515625 0.3203125 0.7998046875 0.3359375 0.7919921875 0.3515625 0.7939453125 0.3671875 0.7978515625 0.359375 0.7939453125 0.4453125 0.796875 0.484375 0.798828125 0.4765625 0.806640625 0.5 0.8125 0.4765625 0.8134765625 0.53125 0.8173828125 0.546875 0.8173828125 0.59375 0.8125 0.59375 0.8115234375 0.6171875 0.8095703125 0.6171875 0.8134765625 0.640625 0.8134765625 0.6796875 0.8076171875 0.6796875 0.8046875 0.7109375 0.8076171875 0.734375 0.8125 0.734375 0.8125 0.75 0.8095703125 0.765625 0.8037109375 0.7578125 0.7978515625 0.8515625 0.7939453125 0.8515625 0.7861328125 0.796875 0.7802734375 0.796875 0.77734375 0.8203125 0.7666015625 0.9921875 0.7529296875 0.9921875 0.7587890625 0.9375 0.7587890625 0.90625 0.765625 0.8359375 0.765625 0.796875 0.7685546875 0.78125 0.767578125 0.765625 0.7705078125 0.7421875 0.7724609375 0.6796875 0.775390625 0.671875 0.775390625 0.625 0.7783203125 0.6015625 0.7783203125 0.5703125 0.7802734375 0.5625 0.78125 0.5 0.7822265625 0.484375 0.78515625 0.484375 0.783203125 0.46875 0.78515625 0.4296875 0.7841796875 0.3984375 0.7890625 0.4296875 0.791015625 0.4140625 0.787109375 0.390625 0.787109375 0.375 0.7890625 0.359375 0.791015625 0.2890625 0.7939453125 0.2734375 0.79296875 0.2265625 0.796875 0.25 0.798828125 0.2421875 0.7958984375 0.21875 0.7978515625 0.1640625 0.7998046875 0.140625 0.8037109375 0.140625 0.8017578125 0.125 0.802734375 0.0859375 0.8095703125 0.078125 0.80859375 0.0390625 0.810546875 0.0078125
3 0.580078125 0.515625 0.58984375 0.53125 0.591796875 0.5703125 0.5908203125 0.6015625 0.5869140625 0.625 0.5849609375 0.6171875 0.5830078125 0.6484375 0.583984375 0.6640625 0.58203125 0.71875 0.58203125 0.8203125 0.578125 0.8125 0.580078125 0.734375 0.5771484375 0.71875 0.580078125 0.7109375 0.5810546875 0.6171875 0.5751953125 0.59375 0.576171875 0.5234375 0.5791015625 0.515625
3 0.6005859375 0.3984375 0.6025390625 0.4140625 0.6005859375 0.4296875 0.5986328125 0.6171875 0.5966796875 0.609375 0.595703125 0.5625 0.59765625 0.546875 0.5986328125 0.4921875 0.5966796875 0.4140625 0.599609375 0.40625
3 0.2373046875 0.5078125 0.25 0.5234375 0.2490234375 0.5390625 0.2509765625 0.5703125 0.24609375 0.6015625 0.2470703125 0.6328125 0.251953125 0.671875 0.251953125 0.703125 0.25 0.703125 0.251953125 0.734375 0.251953125 0.7734375 0.2490234375 0.75 0.2451171875 0.75 0.248046875 0.7421875 0.2470703125 0.6796875 0.244140625 0.609375 0.2421875 0.59375 0.240234375 0.6015625 0.236328125 0.5625 0.2353515625 0.53125 0.2373046875 0.515625
1 0.4013671875 0.34375 0.404296875 0.3828125 0.404296875 0.4140625 0.40234375 0.4140625 0.400390625 0.3671875 0.3974609375 0.3515625 0.3544921875 0.3828125 0.365234375 0.3671875 0.3681640625 0.34375 0.400390625 0.34375
1 0.0087890625 0.46875 0.0126953125 0.46875 0.0146484375 0.5 0.0224609375 0.5 0.0224609375 0.5390625 0.01953125 0.578125 0.0205078125 0.640625 0.0185546875 0.640625 0.01953125 0.5234375 0.0166015625 0.5078125 0.0068359375 0.5234375 0.005859375 0.5078125 0.0087890625 0.4765625
1 0.5087890625 0.328125 0.541015625 0.328125 0.541015625 0.3515625 0.5439453125 0.390625 0.5419921875 0.4453125 0.54296875 0.5 0.5400390625 0.515625 0.5380859375 0.4921875 0.5390625 0.4375 0.537109375 0.390625 0.5390625 0.3671875 0.537109375 0.3515625 0.5234375 0.3515625 0.521484375 0.3671875 0.5126953125 0.375 0.5126953125 0.46875 0.5107421875 0.4765625 0.5068359375 0.4609375 0.5087890625 0.3359375
