2 0 0.125 0.017578125 0.1328125 0.0146484375 0.1484375 0.0068359375 0.1328125 0 0.140625 0 0.1953125 0.0048828125 0.2109375 0 0.2265625 0.001953125 0.3828125 0.0048828125 0.390625 0.0048828125 0.453125 0.0029296875 0.4609375 0.0029296875 0.6015625 0 0.5625 0 0.1328125
2 0.482421875 0.4296875 0.484375 0.421875 0.4853515625 0.3828125 0.48828125 0.3671875 0.4921875 0.375 0.4853515625 0.3984375 0.484375 0.5078125 0.486328125 0.515625 0.486328125 0.53125 0.484375 0.5390625 0.4833984375 0.5703125 0.484375 0.609375 0.482421875 0.6640625 0.482421875 0.4375
2 0.341796875 0.3984375 0.34375 0.3984375 0.34375 0.4296875 0.3388671875 0.546875 0.3359375 0.578125 0.3369140625 0.5234375 0.3427734375 0.421875 0.341796875 0.40625
1 0.259765625 0.3515625 0.26953125 0.3515625 0.2783203125 0.3671875 0.2783203125 0.421875 0.2763671875 0.4375 0.27734375 0.4609375 0.2822265625 0.484375 0.2880859375 0.484375 0.2880859375 0.515625 0.27734375 0.515625 0.2724609375 0.5625 0.2724609375 0.453125 0.2705078125 0.421875 0.2744140625 0.3984375 0.2734375 0.3828125 0.2412109375 0.390625 0.23828125 0.40625 0.240234375 0.4140625 0.2373046875 0.4375 0.2353515625 0.5078125 0.2314453125 0.5078125 0.2333984375 0.5 0.2333984375 0.4453125 0.2373046875 0.4375 0.2353515625 0.4296875 0.236328125 0.390625 0.2392578125 0.390625 0.240234375 0.375 0.248046875 0.375 0.25390625 0.3515625 0.2587890625 0.3515625
3 0.92578125 0.4765625 0.931640625 0.484375 0.9287109375 0.5234375 0.9287109375 0.5859375 0.92578125 0.484375
3 0.763671875 0.5390625 0.765625 0.5546875 0.765625 0.578125 0.7626953125 0.5859375 0.7626953125 0.640625 0.7607421875 0.578125 0.7607421875 0.546875 0.7626953125 0.5390625
2 0.62109375 0.1796875 0.6337890625 0.1875 0.63671875 0.203125 0.63671875 0.296875 0.6396484375 0.4375 0.638671875 0.484375 0.640625 0.5078125 0.6396484375 0.53125 0.6455078125 0.5625 0.646484375 0.5859375 0.64453125 0.59375 0.64453125 0.6484375 0.6484375 0.671875 0.6484375 0.6875 0.64453125 0.6953125 0.646484375 0.7109375 0.642578125 0.7421875 0.6435546875 0.7734375 0.640625 0.7734375 0.638671875 0.7421875 0.6328125 0.734375 0.6357421875 0.703125 0.6328125 0.6875 0.6328125 0.6640625 0.6357421875 0.6484375 0.6328125 0.609375 0.634765625 0.59375 0.6318359375 0.5625 0.6376953125 0.5390625 0.6357421875 0.21875 0.6337890625 0.203125 0.62890625 0.1953125 0.61328125 0.2109375 0.6103515625 0.1875 0.6201171875 0.1875
1 0.3935546875 0.359375 0.396484375 0.3125 0.40234375 0.3203125 0.40625 0.3828125 0.40234375 0.4140625 0.40625 0.453125 0.40625 0.4921875 0.4052734375 0.515625 0.4013671875 0.53125 0.404296875 0.5546875 0.400390625 0.578125 0.400390625 0.6015625 0.39453125 0.65625 0.392578125 0.71875 0.3955078125 0.7578125 0.39453125 0.78125 0.3818359375 0.78125 0.3857421875 0.734375 0.384765625 0.703125 0.38671875 0.6953125 0.390625 0.515625 0.3896484375 0.4609375 0.392578125 0.4296875 0.392578125 0.390625 0.39453125 0.3671875
1 0.888671875 0.4296875 0.892578125 0.4296875 0.8974609375 0.5078125 0.8974609375 0.5546875 0.8994140625 0.5625 0.896484375 0.6015625 0.8994140625 0.671875 0.90234375 0.703125 0.90234375 0.734375 0.904296875 0.7421875 0.9033203125 0.796875 0.90625 0.8203125 0.90625 0.875 0.9111328125 0.8984375 0.9091796875 0.9296875 0.91015625 0.953125 0.9130859375 0.96875 0.9130859375 0.9921875 0.9013671875 0.9921875 0.904296875 0.9921875 0.90625 0.9765625 0.9033203125 0.953125 0.8974609375 0.9921875 0.89453125 0.96875 0.89453125 0.9453125 0.8974609375 0.96875 0.8994140625 0.9375 0.896484375 0.9375 0.892578125 0.859375 0.888671875 0.875 0.890625 0.859375 0.890625 0.8359375 0.888671875 0.8359375 0.8896484375 0.8203125 0.890625 0.8359375 0.8916015625 0.8125 0.888671875 0.8046875 0.888671875 0.7421875 0.8857421875 0.734375 0.884765625 0.7109375 0.8837890625 0.71875 0.8837890625 0.640625 0.8828125 0.6328125 0.8818359375 0.6640625 0.880859375 0.65625 0.880859375 0.625 0.8818359375 0.640625 0.8837890625 0.6171875 0.8779296875 0.578125 0.87890625 0.5703125 0.8798828125 0.59375 0.880859375 0.578125 0.8857421875 0.5703125 0.8779296875 0.53125 0.8759765625 0.5546875 0.8740234375 0.546875 0.8740234375 0.53125 0.876953125 0.53125 0.87890625 0.515625 0.876953125 0.5 0.8798828125 0.53125 0.8837890625 0.546875 0.8857421875 0.5390625 0.88671875 0.53125 0.884765625 0.5234375 0.884765625 0.5 0.8740234375 0.4765625 0.8759765625 0.4609375 0.8798828125 0.484375 0.880859375 0.46875 0.8837890625 0.4921875 0.8857421875 0.46875 0.88671875 0.4921875 0.888671875 0.4375
3 0.033203125 0.4453125 0.03515625 0.453125 0.03515625 0.5078125 0.03125 0.5234375 0.03125 0.578125 0.033203125 0.5859375 0.03125 0.6015625 0.03125 0.625 0.033203125 0.640625 0.03125 0.6484375 0.0322265625 0.6796875 0.029296875 0.6875 0.0283203125 0.5234375 0.0234375 0.5 0.0234375 0.453125 0.0322265625 0.4453125
3 0.0966796875 0.3984375 0.09765625 0.421875 0.0947265625 0.4375 0.095703125 0.484375 0.09375 0.5 0.0947265625 0.5390625 0.0927734375 0.5234375 0.09375 0.4453125 0.0908203125 0.4296875 0.0908203125 0.3984375 0.095703125 0.3984375
