2 0.3994140625 0.375 0.3994140625 0.2109375 0.40234375 0.203125 0.3994140625 0.2109375 0.400390625 0.3828125
0 0.169921875 0.3671875 0.1728515625 0.3828125 0.1708984375 0.390625 0.1728515625 0.3984375 0.1708984375 0.40625 0.17578125 0.421875 0.1708984375 0.4453125 0.1708984375 0.484375 0.1728515625 0.5 0.1708984375 0.5390625 0.171875 0.546875 0.169921875 0.5546875 0.1689453125 0.5859375 0.1689453125 0.5703125 0.1669921875 0.5703125 0.1689453125 0.5546875 0.1669921875 0.53125 0.1689453125 0.515625 0.1669921875 0.5078125 0.1689453125 0.4765625 0.1689453125 0.375
3 0.6455078125 0.40625 0.6455078125 0.4609375 0.6484375 0.421875 0.65234375 0.421875 0.654296875 0.4453125 0.65625 0.4453125 0.654296875 0.5078125 0.65234375 0.4765625 0.6484375 0.484375 0.6474609375 0.46875 0.6416015625 0.4453125 0.64453125 0.4140625
0 0.1884765625 0.40625 0.1904296875 0.4453125 0.189453125 0.5390625 0.1875 0.4140625
0 0.2001953125 0.4453125 0.2021484375 0.4453125 0.19921875 0.4609375 0.19921875 0.5234375 0.19921875 0.453125
2 0.2626953125 0.390625 0.2666015625 0.390625 0.265625 0.4921875 0.26171875 0.4921875 0.2646484375 0.4765625 0.263671875 0.3984375
3 0.5458984375 0.421875 0.5458984375 0.5078125 0.544921875 0.4765625 0.54296875 0.484375 0.54296875 0.5078125 0.5419921875 0.484375 0.5419921875 0.4296875 0.544921875 0.4296875
0 0.7626953125 0.3984375 0.7626953125 0.5546875 0.7607421875 0.5546875 0.76171875 0.40625
0 0.111328125 0.359375 0.111328125 0.375 0.1103515625 0.3671875 0.1083984375 0.3828125 0.111328125 0.390625 0.107421875 0.40625 0.109375 0.4140625 0.109375 0.453125 0.107421875 0.4609375 0.107421875 0.484375 0.109375 0.4921875 0.107421875 0.5 0.1083984375 0.6015625 0.10546875 0.6171875 0.107421875 0.6015625 0.10546875 0.59375 0.107421875 0.578125 0.10546875 0.578125 0.1083984375 0.5546875 0.107421875 0.5390625 0.10546875 0.5546875 0.1083984375 0.53125 0.103515625 0.53125 0.1064453125 0.5078125 0.10546875 0.5 0.1025390625 0.515625 0.1083984375 0.4765625 0.10546875 0.4765625 0.107421875 0.4609375 0.10546875 0.453125 0.1083984375 0.4375 0.1064453125 0.4296875 0.1083984375 0.4140625 0.1064453125 0.40625 0.1044921875 0.421875 0.1064453125 0.40625 0.10546875 0.3984375 0.1103515625 0.3671875
0 0.875 0.3046875 0.8720703125 0.328125 0.8759765625 0.3359375 0.8720703125 0.3515625 0.875 0.3828125 0.873046875 0.390625 0.8740234375 0.4296875 0.8720703125 0.4453125 0.8740234375 0.4609375 0.8720703125 0.4765625 0.8720703125 0.5078125 0.875 0.5390625 0.8720703125 0.5546875 0.8740234375 0.5703125 0.8720703125 0.5859375 0.8720703125 0.609375 0.8740234375 0.625 0.8740234375 0.65625 0.8720703125 0.6640625 0.8740234375 0.671875 0.8740234375 0.703125 0.87109375 0.6875 0.873046875 0.6796875 0.87109375 0.6640625 0.873046875 0.65625 0.8720703125 0.6328125 0.8740234375 0.625 0.8720703125 0.6171875 0.873046875 0.5625 0.87109375 0.5546875 0.873046875 0.546875 0.873046875 0.515625 0.87109375 0.5078125 0.87109375 0.4609375 0.873046875 0.453125 0.8720703125 0.3125 0.8740234375 0.3125
