3 0.612305 0.460938 0.619141 0.460938 0.619141 0.5 0.612305 0.5
0 0.7353515625 0.3828125 0.7392578125 0.3828125 0.736328125 0.3984375 0.7392578125 0.421875 0.7392578125 0.5 0.7373046875 0.5078125 0.736328125 0.5390625 0.736328125 0.390625
2 0.43359375 0.1796875 0.435546875 0.1796875 0.4345703125 0.2109375 0.4365234375 0.515625 0.4345703125 0.515625 0.43359375 0.1875
2 0.642578125 0.3828125 0.6474609375 0.3828125 0.64453125 0.3984375 0.6455078125 0.5 0.6435546875 0.5 0.6435546875 0.390625
1 0.1923828125 0.15625 0.2529296875 0.171875 0.279296875 0.1953125 0.28515625 0.2109375 0.2939453125 0.2109375 0.298828125 0.2578125 0.2958984375 0.28125 0.298828125 0.296875 0.296875 0.3046875 0.2958984375 0.34375 0.296875 0.4453125 0.291015625 0.4765625 0.2607421875 0.4765625 0.259765625 0.4921875 0.26171875 0.5 0.2587890625 0.5390625 0.2587890625 0.6328125 0.2568359375 0.65625 0.25 0.65625 0.24609375 0.640625 0.24609375 0.515625 0.2421875 0.4765625 0.240234375 0.4765625 0.2431640625 0.453125 0.2412109375 0.4296875 0.244140625 0.421875 0.2412109375 0.375 0.234375 0.3984375 0.234375 0.421875 0.236328125 0.4296875 0.2333984375 0.4375 0.23046875 0.4609375 0.2314453125 0.46875 0.228515625 0.4375 0.224609375 0.4375 0.22265625 0.46875 0.208984375 0.4765625 0.197265625 0.46875 0.193359375 0.4453125 0.193359375 0.2421875 0.19140625 0.2109375 0.19140625 0.1953125 0.193359375 0.1875 0.1923828125 0.1640625
0 0.08203125 0.3671875 0.080078125 0.390625 0.08203125 0.3984375 0.08203125 0.4296875 0.080078125 0.4453125 0.08203125 0.4609375 0.080078125 0.5234375 0.0810546875 0.6328125 0.078125 0.65625 0.080078125 0.640625 0.0771484375 0.640625 0.078125 0.6328125 0.076171875 0.625 0.0791015625 0.609375 0.078125 0.578125 0.0810546875 0.5625 0.080078125 0.546875 0.078125 0.5546875 0.0810546875 0.5390625 0.078125 0.53125 0.0810546875 0.515625 0.080078125 0.5 0.078125 0.515625 0.080078125 0.5 0.078125 0.4921875 0.0810546875 0.4765625 0.078125 0.4765625 0.0810546875 0.4375 0.0791015625 0.4296875 0.0810546875 0.3984375 0.078125 0.3984375 0.078125 0.3828125 0.0791015625 0.375 0.078125 0.3828125 0.080078125 0.390625 0.08203125 0.375
0 0.138671875 0.4453125 0.140625 0.4375 0.1416015625 0.4765625 0.1396484375 0.5078125 0.1416015625 0.53125 0.1416015625 0.609375 0.1396484375 0.6171875 0.1396484375 0.453125
0 0.869140625 0.2734375 0.87109375 0.2890625 0.8720703125 0.28125 0.8701171875 0.296875 0.8701171875 0.3515625 0.873046875 0.375 0.87109375 0.390625 0.8720703125 0.40625 0.869140625 0.4296875 0.87109375 0.4453125 0.869140625 0.453125 0.87109375 0.46875 0.869140625 0.4921875 0.8720703125 0.4921875 0.869140625 0.515625 0.87109375 0.53125 0.8720703125 0.5234375 0.869140625 0.546875 0.8701171875 0.625 0.8720703125 0.6328125 0.869140625 0.6484375 0.869140625 0.6796875 0.87109375 0.6796875 0.8701171875 0.6875 0.8720703125 0.703125 0.869140625 0.71875 0.8701171875 0.6875 0.8681640625 0.640625 0.8701171875 0.6171875 0.8701171875 0.28125
0 0.7646484375 0.3515625 0.7666015625 0.359375 0.7646484375 0.3671875 0.7646484375 0.3828125 0.767578125 0.3984375 0.7646484375 0.4140625 0.7646484375 0.4375 0.7666015625 0.4453125 0.765625 0.4765625 0.767578125 0.484375 0.765625 0.4921875 0.7666015625 0.5390625 0.7646484375 0.5546875 0.7666015625 0.5703125 0.765625 0.5625 0.7646484375 0.5859375 0.7646484375 0.359375
0 0.7255859375 0.4453125 0.7255859375 0.484375 0.724609375 0.4921875 0.7236328125 0.4765625 0.724609375 0.453125
