0 0.1962890625 0.375 0.1953125 0.390625 0.197265625 0.6171875 0.193359375 0.6171875 0.1943359375 0.609375 0.1923828125 0.6015625 0.1953125 0.6015625 0.1953125 0.5625 0.1943359375 0.53125 0.19140625 0.5234375 0.1943359375 0.515625 0.19140625 0.4921875 0.193359375 0.4765625 0.19140625 0.4765625 0.1953125 0.4375 0.193359375 0.421875 0.1953125 0.4140625 0.1943359375 0.3828125 0.1962890625 0.3828125
0 0.875 0.3515625 0.876953125 0.3671875 0.876953125 0.421875 0.8740234375 0.4453125 0.876953125 0.4453125 0.8740234375 0.4921875 0.875 0.5 0.8779296875 0.4765625 0.8740234375 0.5078125 0.8759765625 0.53125 0.8740234375 0.5546875 0.8740234375 0.6015625 0.8759765625 0.6015625 0.873046875 0.6171875 0.8740234375 0.6328125 0.875 0.625 0.873046875 0.640625 0.875 0.5234375 0.8740234375 0.4453125 0.8759765625 0.40625 0.875 0.390625 0.876953125 0.3671875 0.8759765625 0.359375
0 0.2158203125 0.421875 0.2177734375 0.4296875 0.2177734375 0.515625 0.2158203125 0.5625 0.21875 0.5859375 0.2138671875 0.5859375 0.2158203125 0.5625 0.2138671875 0.515625 0.2158203125 0.4296875
0 0.78515625 0.4375 0.7861328125 0.4609375 0.7890625 0.4765625 0.7880859375 0.5234375 0.7900390625 0.53125 0.7880859375 0.5390625 0.7880859375 0.578125 0.7900390625 0.5859375 0.7880859375 0.59375 0.7900390625 0.6015625 0.7880859375 0.6015625 0.787109375 0.5859375 0.78515625 0.609375 0.78515625 0.4453125
2 0.5234375 0.1953125 0.5234375 0.5078125 0.5224609375 0.203125
0 0.769531 0.453125 0.772461 0.453125 0.772461 0.5625 0.769531 0.5625
0 0.806640625 0.375 0.8095703125 0.40625 0.8076171875 0.4140625 0.80859375 0.6328125 0.806640625 0.640625 0.806640625 0.3828125
3 0.6796875 0.46875 0.6845703125 0.4765625 0.6826171875 0.4921875 0.6806640625 0.4921875 0.6796875 0.4765625
2 0.696289 0.375 0.701172 0.375 0.701172 0.5 0.696289 0.5
0 0.224609375 0.453125 0.2265625 0.5390625 0.2265625 0.5546875 0.224609375 0.546875 0.224609375 0.4609375
0 0.2998046875 0.375 0.3037109375 0.375 0.3037109375 0.5 0.3017578125 0.5 0.302734375 0.390625 0.2998046875 0.3828125
2 0.5595703125 0.3828125 0.564453125 0.3828125 0.560546875 0.3984375 0.560546875 0.4453125 0.5595703125 0.390625
