2 0.150390625 0.3515625 0.154296875 0.3515625 0.15234375 0.359375 0.15234375 0.4765625 0.1513671875 0.3515625
0 0.0263671875 0.421875 0.0263671875 0.5390625 0.0244140625 0.5390625 0.0234375 0.5078125 0.025390625 0.484375 0.0234375 0.46875 0.025390625 0.46875 0.025390625 0.4296875
0 0.0478516 0.445312 0.0517578 0.445312 0.0517578 0.539062 0.0478516 0.539062
2 0.37890625 0.21875 0.3798828125 0.46875 0.3759765625 0.46875 0.3779296875 0.453125 0.3779296875 0.2265625
2 0.5341796875 0.3828125 0.537109375 0.3828125 0.537109375 0.484375 0.5341796875 0.484375 0.53515625 0.390625
2 0.451171875 0.421875 0.4541015625 0.421875 0.453125 0.4765625 0.451171875 0.4765625 0.4521484375 0.4296875
2 0.337890625 0.3984375 0.33984375 0.40625 0.3388671875 0.453125 0.3369140625 0.453125 0.337890625 0.40625
0 0.64453125 0.4921875 0.6474609375 0.4921875 0.646484375 0.6875 0.6435546875 0.6796875 0.64453125 0.5
0 0.9921875 0.3984375 0.9951171875 0.40625 0.9970703125 0.6640625 0.99609375 0.703125 0.9921875 0.6875 0.9921875 0.40625
0 0.6884765625 0.515625 0.6904296875 0.515625 0.6884765625 0.5234375 0.6904296875 0.5390625 0.6904296875 0.5546875 0.6884765625 0.5625 0.6904296875 0.578125 0.689453125 0.5859375 0.6904296875 0.578125 0.6884765625 0.5625 0.6884765625 0.5234375
0 0.871094 0.359375 0.883789 0.359375 0.883789 0.648438 0.871094 0.648438
