3 0.2197265625 0.5 0.2236328125 0.5 0.22265625 0.5546875 0.2216796875 0.53125 0.2197265625 0.5390625 0.2197265625 0.5625 0.21875 0.5546875 0.21875 0.5078125
2 0.875 0 0.8779296875 0 0.876953125 0.015625 0.87890625 0.0234375 0.876953125 0.03125 0.876953125 0.09375 0.87890625 0.1015625 0.8759765625 0.109375 0.87890625 0.1171875 0.876953125 0.125 0.8779296875 0.15625 0.875 0.171875 0.8779296875 0.171875 0.875 0.2109375 0.876953125 0.21875 0.8779296875 0.2421875 0.8759765625 0.25 0.8779296875 0.2578125 0.875 0.28125 0.8779296875 0.28125 0.8740234375 0.3046875 0.87890625 0.3046875 0.8740234375 0.328125 0.8779296875 0.328125 0.8740234375 0.3515625 0.8779296875 0.3515625 0.8740234375 0.375 0.87890625 0.375 0.8740234375 0.3984375 0.8779296875 0.3984375 0.875 0.421875 0.8779296875 0.4296875 0.875 0.4453125 0.87890625 0.4453125 0.8740234375 0.4765625 0.8779296875 0.4765625 0.8740234375 0.5 0.875 0.5078125 0.87890625 0.5 0.8740234375 0.5234375 0.8779296875 0.5234375 0.8740234375 0.546875 0.8779296875 0.5546875 0.8740234375 0.5703125 0.8759765625 0.5859375 0.876953125 0.578125 0.875 0.59375 0.876953125 0.6015625 0.8740234375 0.6171875 0.8759765625 0.6328125 0.8779296875 0.625 0.875 0.640625 0.8759765625 0.65625 0.8779296875 0.6484375 0.875 0.6640625 0.8759765625 0.6796875 0.8779296875 0.671875 0.875 0.6875 0.8759765625 0.703125 0.8779296875 0.6953125 0.875 0.71875 0.8779296875 0.71875 0.873046875 0.7421875 0.876953125 0.7421875 0.875 0.7578125 0.8779296875 0.765625 0.8759765625 0.765625 0.8740234375 0.78125 0.8759765625 0.7890625 0.873046875 0.8046875 0.8779296875 0.8046875 0.8740234375 0.8203125 0.8779296875 0.828125 0.873046875 0.84375 0.8779296875 0.84375 0.8720703125 0.8671875 0.8779296875 0.8671875 0.8740234375 0.875 0.8779296875 0.8828125 0.875 0.890625 0.8779296875 0.8984375 0.8759765625 0.90625 0.8779296875 0.9140625 0.8759765625 0.921875 0.8779296875 0.9296875 0.8759765625 0.9375 0.8779296875 0.9453125 0.875 0.953125 0.8779296875 0.9609375 0.875 0.96875 0.8779296875 0.9765625 0.8779296875 0.9921875 0.876953125 0.9765625 0.8740234375 0.984375 0.8759765625 0.9921875 0.8720703125 0.9921875 0.87109375 0.8984375 0.873046875 0.7578125 0.8720703125 0.6796875 0.8740234375 0.4765625 0.873046875 0.3984375 0.875 0.0078125
3 0.3359375 0.46875 0.349609375 0.46875 0.3515625 0.484375 0.3515625 0.53125 0.345703125 0.5234375 0.3447265625 0.5703125 0.34375 0.5546875 0.341796875 0.5625 0.3408203125 0.53125 0.3349609375 0.5390625 0.3359375 0.4765625
2 0.748046875 0.3984375 0.751953125 0.3984375 0.7509765625 0.5390625 0.748046875 0.515625 0.75 0.5078125 0.7509765625 0.421875 0.748046875 0.40625
2 0.2236328125 0.3984375 0.2275390625 0.3984375 0.2265625 0.4921875 0.2236328125 0.5078125 0.224609375 0.53125 0.2197265625 0.5390625 0.22265625 0.5234375 0.22265625 0.5 0.2255859375 0.4765625 0.2265625 0.4453125 0.224609375 0.40625
0 0.47265625 0.5 0.474609375 0.5 0.4736328125 0.5859375 0.47265625 0.5078125
0 0.5 0.5 0.501953125 0.5 0.501953125 0.578125 0.5 0.578125 0.5 0.5078125
0 0.455078125 0.4921875 0.4560546875 0.5625 0.453125 0.5625 0.4541015625 0.5
0 0.5263671875 0.5 0.5283203125 0.5078125 0.5283203125 0.578125 0.5263671875 0.5703125 0.5263671875 0.5078125
0 0.55078125 0.5 0.552734375 0.5 0.552734375 0.5703125 0.55078125 0.5625 0.55078125 0.5078125
0 0.57421875 0.5 0.576171875 0.5078125 0.57421875 0.578125 0.57421875 0.5078125
