2 0.376953125 0 0.3798828125 0 0.3798828125 0.015625 0.3720703125 0.0390625 0.369140625 0.078125 0.369140625 0.3203125 0.37109375 0.3359375 0.3701171875 0.6875 0.3671875 0.6875 0.3642578125 0.625 0.36328125 0.640625 0.365234375 0.609375 0.3642578125 0.5703125 0.3662109375 0.5546875 0.3642578125 0.515625 0.3642578125 0.4921875 0.3662109375 0.4765625 0.3642578125 0.46875 0.3642578125 0.421875 0.3662109375 0.4140625 0.3662109375 0.3828125 0.3642578125 0.3671875 0.3662109375 0.359375 0.365234375 0.3359375 0.3671875 0.328125 0.3671875 0.25 0.357421875 0.25 0.361328125 0.2265625 0.36328125 0.234375 0.3671875 0.21875 0.3671875 0.1484375 0.369140625 0.125 0.3671875 0.109375 0.3681640625 0.078125 0.3662109375 0.0625 0.36328125 0.0703125 0.36328125 0.0546875 0.376953125 0.0078125
2 0.935546875 0.28125 0.9501953125 0.296875 0.951171875 0.3125 0.9482421875 0.3203125 0.9482421875 0.3671875 0.9501953125 0.390625 0.9541015625 0.390625 0.94921875 0.4140625 0.9501953125 0.5546875 0.9482421875 0.578125 0.947265625 0.3125 0.935546875 0.2890625
2 0.0986328125 0.3046875 0.1162109375 0.296875 0.1162109375 0.3125 0.11328125 0.3203125 0.11328125 0.4296875 0.115234375 0.53125 0.1142578125 0.5859375 0.1123046875 0.5859375 0.1123046875 0.3203125 0.0986328125 0.3125
2 0.6552734375 0.359375 0.6591796875 0.3515625 0.6591796875 0.3671875 0.65625 0.375 0.65625 0.546875 0.6552734375 0.4453125 0.6533203125 0.4375 0.6552734375 0.421875 0.6552734375 0.3671875
2 0.533203125 0.359375 0.5390625 0.3671875 0.5390625 0.4921875 0.5419921875 0.5078125 0.5380859375 0.5546875 0.5390625 0.390625 0.533203125 0.3671875
2 0.7783203125 0.375 0.783203125 0.3828125 0.783203125 0.4296875 0.78515625 0.4453125 0.783203125 0.4609375 0.78515625 0.515625 0.7841796875 0.5390625 0.78125 0.546875 0.7822265625 0.3984375 0.7783203125 0.3828125
2 0.8466796875 0.4140625 0.84765625 0.3984375 0.8564453125 0.3984375 0.849609375 0.4140625 0.849609375 0.4609375 0.8515625 0.484375 0.849609375 0.546875 0.8466796875 0.4921875 0.8466796875 0.46875 0.8486328125 0.4609375 0.84765625 0.4140625
3 0.0595703125 0.578125 0.0576171875 0.484375 0.05859375 0.453125 0.0625 0.4609375 0.0625 0.53125 0.060546875 0.5390625 0.060546875 0.578125
3 0.099609375 0.4765625 0.107421875 0.46875 0.1103515625 0.484375 0.1103515625 0.515625 0.107421875 0.5234375 0.10546875 0.546875 0.1044921875 0.6328125 0.1044921875 0.5390625 0.1005859375 0.5234375 0.099609375 0.484375
3 0.1748046875 0.4921875 0.1796875 0.4921875 0.177734375 0.5390625 0.177734375 0.6015625 0.1748046875 0.5
3 0.2529296875 0.4921875 0.2578125 0.4921875 0.2578125 0.5234375 0.255859375 0.53125 0.255859375 0.59375 0.251953125 0.515625 0.2529296875 0.5
3 0.34765625 0.46875 0.349609375 0.4765625 0.349609375 0.6484375 0.34765625 0.6328125 0.3486328125 0.609375 0.3466796875 0.6015625 0.3466796875 0.5703125 0.3486328125 0.5546875 0.3466796875 0.546875 0.3466796875 0.4765625
3 0.419921875 0.4921875 0.421875 0.5 0.421875 0.515625 0.4189453125 0.5390625 0.4189453125 0.5625 0.4189453125 0.5
3 0.5517578125 0.5 0.560546875 0.5 0.5595703125 0.5625 0.5576171875 0.5703125 0.5576171875 0.5390625 0.5546875 0.53125 0.5537109375 0.5703125 0.5517578125 0.578125 0.5517578125 0.5078125
3 0.4638671875 0.4453125 0.4697265625 0.4453125 0.4716796875 0.46875 0.470703125 0.5234375 0.4677734375 0.5390625 0.46875 0.5546875 0.466796875 0.5703125 0.466796875 0.5390625 0.462890625 0.515625 0.4638671875 0.453125
2 0.466796875 0.328125 0.4775390625 0.328125 0.4677734375 0.34375 0.4677734375 0.4375 0.466796875 0.3359375
2 0.6982421875 0.40625 0.70703125 0.40625 0.7001953125 0.421875 0.7001953125 0.4609375 0.7021484375 0.484375 0.7001953125 0.5390625 0.6982421875 0.4921875 0.6982421875 0.4765625 0.7001953125 0.46875 0.7001953125 0.421875 0.6982421875 0.4140625
3 0.9072265625 0.484375 0.91015625 0.5 0.91015625 0.515625 0.90625 0.53125 0.9072265625 0.5546875 0.904296875 0.515625 0.904296875 0.5 0.90625 0.4921875
3 0.9560546875 0.484375 0.9580078125 0.4921875 0.95703125 0.5703125 0.955078125 0.4921875
