2 0.16796875 0 0.173828125 0 0.1748046875 0.015625 0.1796875 0.03125 0.1748046875 0.03125 0.1728515625 0.0546875 0.1728515625 0.1953125 0.1845703125 0.2109375 0.1845703125 0.2265625 0.1767578125 0.2265625 0.173828125 0.2109375 0.1728515625 0.21875 0.1728515625 0.3046875 0.1748046875 0.3125 0.17578125 0.390625 0.17578125 0.5859375 0.1748046875 0.6953125 0.173828125 0.7109375 0.171875 0.6953125 0.1689453125 0.6953125 0.16796875 0.359375 0.1689453125 0.3203125 0.1708984375 0.3046875 0.1708984375 0.1953125 0.1689453125 0.1640625 0.1689453125 0.0625 0.1708984375 0.046875 0.16796875 0.0078125
2 0.5419921875 0.3125 0.5498046875 0.3203125 0.5498046875 0.4921875 0.552734375 0.5 0.552734375 0.5234375 0.5498046875 0.5390625 0.5498046875 0.578125 0.5478515625 0.578125 0.548828125 0.3359375 0.5419921875 0.3203125
2 0.6953125 0.34375 0.7041015625 0.328125 0.703125 0.34375 0.69921875 0.34375 0.697265625 0.359375 0.6982421875 0.5546875 0.6962890625 0.5546875 0.6962890625 0.4375 0.693359375 0.421875 0.6962890625 0.40625 0.6953125 0.3515625
2 0.0732421875 0.359375 0.0849609375 0.3515625 0.0830078125 0.3671875 0.0830078125 0.5703125 0.08203125 0.375 0.0732421875 0.3671875
2 0.9580078125 0.34375 0.9677734375 0.3515625 0.966796875 0.4140625 0.9697265625 0.421875 0.966796875 0.4375 0.9677734375 0.5 0.9658203125 0.5390625 0.9658203125 0.3671875 0.9580078125 0.3515625
2 0.81640625 0.3828125 0.8193359375 0.390625 0.8193359375 0.484375 0.8173828125 0.546875 0.818359375 0.40625 0.81640625 0.390625
2 0.728515625 0.40625 0.73828125 0.3984375 0.7373046875 0.4140625 0.734375 0.40625 0.73046875 0.421875 0.73046875 0.453125 0.732421875 0.46875 0.7314453125 0.5390625 0.728515625 0.484375 0.73046875 0.4609375 0.73046875 0.421875 0.728515625 0.4140625
2 0.8720703125 0.4140625 0.880859375 0.4140625 0.8740234375 0.4296875 0.8740234375 0.46875 0.8759765625 0.4765625 0.875 0.5390625 0.8720703125 0.5 0.8720703125 0.4765625 0.8740234375 0.46875 0.8740234375 0.4296875 0.8720703125 0.421875
2 0.2314453125 0.484375 0.2333984375 0.5078125 0.23046875 0.6015625 0.2314453125 0.4921875
3 0.044921875 0.46875 0.048828125 0.4765625 0.046875 0.5625 0.044921875 0.4765625
3 0.0625 0.484375 0.068359375 0.4921875 0.068359375 0.515625 0.0654296875 0.53125 0.0654296875 0.5859375 0.0625 0.4921875
3 0.1796875 0.484375 0.1865234375 0.5 0.1845703125 0.5390625 0.1845703125 0.5859375 0.18359375 0.53125 0.1796875 0.4921875
3 0.2001953125 0.46875 0.2041015625 0.46875 0.205078125 0.5859375 0.205078125 0.65625 0.2021484375 0.65625 0.203125 0.6171875 0.2001953125 0.4765625
3 0.3857421875 0.5390625 0.3837890625 0.5 0.388671875 0.5 0.3857421875 0.546875 0.3857421875 0.578125 0.384765625 0.546875
3 0.4443359375 0.40625 0.4501953125 0.421875 0.4521484375 0.4453125 0.4501953125 0.4765625 0.451171875 0.5234375 0.447265625 0.5390625 0.447265625 0.6015625 0.4443359375 0.59375 0.4443359375 0.5390625 0.439453125 0.515625 0.4384765625 0.453125 0.4404296875 0.421875 0.443359375 0.4140625
2 0.458984375 0.2421875 0.4609375 0.25 0.4599609375 0.265625 0.447265625 0.28125 0.4482421875 0.328125 0.4462890625 0.40625 0.4443359375 0.3984375 0.4443359375 0.2578125 0.4580078125 0.2421875
3 0.587890625 0.484375 0.595703125 0.484375 0.5966796875 0.5 0.5986328125 0.484375 0.599609375 0.5 0.59765625 0.515625 0.59765625 0.5390625 0.5947265625 0.546875 0.5947265625 0.625 0.5908203125 0.6328125 0.5927734375 0.6171875 0.5927734375 0.5625 0.5908203125 0.5390625 0.5830078125 0.5390625 0.58203125 0.609375 0.5791015625 0.6171875 0.580078125 0.546875 0.5771484375 0.53125 0.578125 0.4921875 0.587890625 0.4921875
