2 0.025390625 0.4140625 0.025390625 0.4765625 0.02734375 0.4921875 0.025390625 0.5234375 0.021484375 0.515625 0.0244140625 0.4765625 0.0234375 0.4453125 0.0166015625 0.4375 0.0244140625 0.4140625
2 0.14453125 0.328125 0.154296875 0.328125 0.154296875 0.53125 0.1513671875 0.53125 0.150390625 0.5078125 0.1494140625 0.3515625 0.14453125 0.3359375
2 0.4453125 0.28125 0.44921875 0.28125 0.4384765625 0.2890625 0.435546875 0.3046875 0.435546875 0.4765625 0.4375 0.515625 0.435546875 0.5625 0.4326171875 0.5546875 0.43359375 0.4375 0.431640625 0.40625 0.431640625 0.34375 0.43359375 0.3125 0.431640625 0.296875 0.4375 0.28125 0.4443359375 0.28125
2 0.55859375 0.3828125 0.5751953125 0.3828125 0.5693359375 0.390625 0.5673828125 0.40625 0.5703125 0.5234375 0.56640625 0.5234375 0.564453125 0.4921875 0.56640625 0.46875 0.56640625 0.3984375 0.5595703125 0.3828125
2 0.7080078125 0.3671875 0.7255859375 0.3671875 0.720703125 0.3671875 0.716796875 0.390625 0.71875 0.5234375 0.7158203125 0.515625 0.71484375 0.4765625 0.7158203125 0.390625 0.7138671875 0.375 0.708984375 0.375
2 0.87109375 0.15625 0.8720703125 0.140625 0.8916015625 0.1171875 0.9072265625 0.078125 0.91796875 0.078125 0.916015625 0.09375 0.90625 0.09375 0.8955078125 0.1171875 0.8935546875 0.1328125 0.8935546875 0.34375 0.8955078125 0.375 0.8955078125 0.421875 0.8984375 0.4609375 0.896484375 0.609375 0.8935546875 0.640625 0.890625 0.6171875 0.8916015625 0.5 0.8896484375 0.4921875 0.8916015625 0.453125 0.890625 0.1484375 0.888671875 0.1328125 0.884765625 0.1328125 0.876953125 0.15625 0.8720703125 0.15625
2 0.96484375 0.40625 0.9736328125 0.4140625 0.9677734375 0.4296875 0.966796875 0.515625 0.96484375 0.5078125 0.9658203125 0.4609375 0.9619140625 0.4453125 0.96484375 0.4296875 0.96484375 0.4140625
2 0.8076171875 0.4609375 0.8095703125 0.46875 0.80859375 0.5 0.810546875 0.5234375 0.80859375 0.53125 0.806640625 0.5078125 0.806640625 0.4765625 0.80859375 0.46875
3 0.9345703125 0.4765625 0.9384765625 0.4609375 0.9423828125 0.46875 0.9423828125 0.5 0.939453125 0.5234375 0.9384765625 0.5546875 0.9375 0.5234375 0.9345703125 0.5078125 0.9345703125 0.484375
3 0.84765625 0.46875 0.849609375 0.4765625 0.849609375 0.5 0.8466796875 0.5234375 0.84765625 0.53125 0.8447265625 0.53125 0.845703125 0.5234375 0.84375 0.5 0.84375 0.4765625 0.8466796875 0.46875
3 0.7529296875 0.4765625 0.75390625 0.484375 0.751953125 0.5 0.751953125 0.5234375 0.75 0.5234375 0.748046875 0.4921875 0.7490234375 0.4765625 0.751953125 0.4765625
3 0.5322265625 0.46875 0.5380859375 0.4765625 0.5380859375 0.5 0.5322265625 0.5 0.5322265625 0.4765625
2 0.4912109375 0.4375 0.49609375 0.4453125 0.4931640625 0.46875 0.4931640625 0.5234375 0.4912109375 0.5234375 0.4912109375 0.4453125
3 0.275390625 0.4296875 0.2783203125 0.4453125 0.2783203125 0.4765625 0.275390625 0.515625 0.27734375 0.5703125 0.27734375 0.6328125 0.275390625 0.671875 0.2734375 0.625 0.2744140625 0.546875 0.271484375 0.5234375 0.2705078125 0.46875 0.2705078125 0.4453125 0.2744140625 0.4296875
3 0.0361328125 0.5078125 0.056640625 0.5078125 0.056640625 0.5546875 0.0498046875 0.578125 0.03515625 0.5703125 0.03515625 0.5546875 0.037109375 0.546875 0.0361328125 0.515625
3 0.1279296875 0.5234375 0.12890625 0.4609375 0.1416015625 0.4609375 0.1416015625 0.5234375 0.1396484375 0.53125 0.1376953125 0.5 0.1318359375 0.5 0.130859375 0.53125 0.12890625 0.53125
2 0.6396484375 0.453125 0.6416015625 0.453125 0.6416015625 0.5078125 0.6435546875 0.515625 0.640625 0.53125 0.6396484375 0.5234375 0.6396484375 0.4609375
2 0.0693359375 0.4453125 0.0751953125 0.4453125 0.07421875 0.5078125 0.0732421875 0.4609375 0.0703125 0.4453125
