2 0.28515625 0.3984375 0.291015625 0.390625 0.291015625 0.515625 0.2939453125 0.546875 0.2939453125 0.578125 0.2919921875 0.5546875 0.2900390625 0.5625 0.291015625 0.578125 0.2880859375 0.5703125 0.2880859375 0.546875 0.2900390625 0.5390625 0.2900390625 0.421875 0.2880859375 0.40625 0.28515625 0.40625
2 0.5888671875 0.3984375 0.595703125 0.3984375 0.58984375 0.421875 0.58984375 0.5625 0.5888671875 0.40625
2 0.91796875 0.40625 0.91796875 0.546875 0.91796875 0.4375 0.9130859375 0.4296875 0.91796875 0.4140625
2 0.400390625 0.4453125 0.4013671875 0.5 0.3994140625 0.59375 0.3994140625 0.453125
3 0.0361328125 0.40625 0.0390625 0.4609375 0.0390625 0.484375 0.0361328125 0.4921875 0.0361328125 0.5234375 0.0400390625 0.59375 0.0390625 0.6171875 0.033203125 0.6640625 0.033203125 0.8046875 0.03125 0.8203125 0.0263671875 0.8125 0.02734375 0.6328125 0.0244140625 0.578125 0.0263671875 0.53125 0.0224609375 0.4921875 0.0224609375 0.421875 0.03515625 0.40625
2 0.1435546875 0.390625 0.1533203125 0.3984375 0.1533203125 0.4140625 0.14453125 0.421875 0.1435546875 0.5390625 0.1416015625 0.53125 0.1435546875 0.4609375 0.138671875 0.4375 0.142578125 0.4296875 0.1435546875 0.3984375
2 0.2119140625 0.3671875 0.2138671875 0.4921875 0.212890625 0.5390625 0.2109375 0.5390625 0.2099609375 0.3984375 0.201171875 0.390625 0.2021484375 0.375 0.2109375 0.3671875
3 0.6123046875 0.4453125 0.6142578125 0.4609375 0.6142578125 0.5078125 0.6123046875 0.5234375 0.611328125 0.515625 0.609375 0.5390625 0.6083984375 0.640625 0.6064453125 0.6328125 0.607421875 0.546875 0.60546875 0.5234375 0.6025390625 0.5234375 0.6005859375 0.46875 0.6015625 0.453125 0.60546875 0.4453125 0.611328125 0.453125
3 0.6484375 0.46875 0.6513671875 0.484375 0.654296875 0.4765625 0.6552734375 0.4921875 0.6572265625 0.484375 0.658203125 0.5078125 0.654296875 0.5390625 0.650390625 0.546875 0.65234375 0.5859375 0.650390625 0.6484375 0.6484375 0.6484375 0.6484375 0.546875 0.6435546875 0.53125 0.6435546875 0.484375 0.6474609375 0.4765625
2 0.6494140625 0.1484375 0.654296875 0.171875 0.677734375 0.1640625 0.681640625 0.1796875 0.6806640625 0.1953125 0.6513671875 0.1953125 0.6513671875 0.4609375 0.6494140625 0.46875 0.6494140625 0.15625
2 0.7900390625 0.3984375 0.7890625 0.421875 0.78515625 0.4296875 0.7841796875 0.546875 0.7822265625 0.546875 0.7822265625 0.3984375 0.7890625 0.3984375
3 0.8076171875 0.4296875 0.818359375 0.4296875 0.8212890625 0.4453125 0.8203125 0.5234375 0.8154296875 0.53125 0.8154296875 0.7421875 0.8125 0.75 0.8125 0.53125 0.8076171875 0.515625 0.8076171875 0.4375
2 0.810546875 0.265625 0.8193359375 0.265625 0.8212890625 0.28125 0.8212890625 0.3359375 0.8310546875 0.359375 0.830078125 0.375 0.822265625 0.375 0.8212890625 0.4296875 0.818359375 0.421875 0.8193359375 0.359375 0.8173828125 0.296875 0.7998046875 0.28125 0.80078125 0.265625 0.8095703125 0.265625
