2 0.2841796875 0 0.2978515625 0 0.296875 0.1484375 0.2978515625 0.1953125 0.2998046875 0.203125 0.296875 0.2421875 0.296875 0.265625 0.298828125 0.2734375 0.298828125 0.3125 0.296875 0.3203125 0.296875 0.4375 0.298828125 0.4921875 0.296875 0.515625 0.296875 0.828125 0.298828125 0.9140625 0.29296875 0.9296875 0.283203125 0.921875 0.283203125 0.90625 0.2861328125 0.90625 0.2861328125 0.78125 0.2841796875 0.75 0.28515625 0.703125 0.283203125 0.6796875 0.28515625 0.4921875 0.2841796875 0.0078125
2 0.310546875 0.375 0.3134765625 0.3984375 0.3193359375 0.3984375 0.310546875 0.4140625 0.3115234375 0.53125 0.3095703125 0.5390625 0.3095703125 0.453125 0.3046875 0.4453125 0.3046875 0.4296875 0.3095703125 0.421875 0.3095703125 0.3828125
2 0.232421875 0.4296875 0.2373046875 0.4296875 0.236328125 0.5234375 0.236328125 0.4453125 0.232421875 0.4375
2 0.6953125 0.421875 0.69921875 0.421875 0.6953125 0.4375 0.6953125 0.546875 0.6953125 0.4296875
3 0.271484375 0.4921875 0.275390625 0.4921875 0.2734375 0.5703125 0.271484375 0.5
3 0.009765625 0.46875 0.0126953125 0.4921875 0.0126953125 0.578125 0.0107421875 0.5625 0.0078125 0.5703125 0.0068359375 0.6171875 0.0048828125 0.6328125 0.0048828125 0.578125 0.0029296875 0.5625 0 0.5703125 0.0009765625 0.4765625 0.0087890625 0.4765625
3 0.3642578125 0.546875 0.36328125 0.5 0.365234375 0.4921875 0.365234375 0.5625 0.3837890625 0.5546875 0.3828125 0.6953125 0.380859375 0.6953125 0.380859375 0.6171875 0.373046875 0.609375 0.3701171875 0.625 0.3701171875 0.71875 0.3681640625 0.71875 0.3671875 0.625 0.36328125 0.6171875 0.36328125 0.5703125 0.365234375 0.5625 0.3642578125 0.5546875
3 0.58984375 0.421875 0.5986328125 0.421875 0.5986328125 0.453125 0.6005859375 0.46875 0.6005859375 0.4921875 0.5986328125 0.5 0.6005859375 0.5625 0.5986328125 0.5546875 0.595703125 0.578125 0.595703125 0.6328125 0.5986328125 0.640625 0.595703125 0.671875 0.591796875 0.671875 0.59375 0.65625 0.59375 0.5859375 0.58984375 0.5703125 0.5908203125 0.5 0.587890625 0.453125 0.58984375 0.4296875
2 0.5654296875 0.3828125 0.56640625 0.3671875 0.5693359375 0.3671875 0.57421875 0.34375 0.57421875 0.40625 0.5791015625 0.4140625 0.57421875 0.4375 0.57421875 0.546875 0.576171875 0.5546875 0.5751953125 0.578125 0.5712890625 0.578125 0.5712890625 0.4921875 0.5732421875 0.484375 0.5732421875 0.3828125 0.56640625 0.3828125
3 0.7255859375 0.4921875 0.732421875 0.4921875 0.7314453125 0.5234375 0.728515625 0.5390625 0.7275390625 0.578125 0.724609375 0.5703125 0.724609375 0.5546875 0.7275390625 0.546875 0.7255859375 0.5
2 0.6787109375 0.34375 0.6875 0.34375 0.6875 0.359375 0.6806640625 0.3671875 0.6796875 0.484375 0.681640625 0.4921875 0.681640625 0.5625 0.6796875 0.578125 0.6787109375 0.3515625
3 0.7607421875 0.4765625 0.7646484375 0.4921875 0.7646484375 0.53125 0.7607421875 0.5546875 0.755859375 0.5390625 0.755859375 0.5 0.759765625 0.4765625
2 0.974609375 0.40625 0.974609375 0.4765625 0.9765625 0.4921875 0.9736328125 0.4921875 0.97265625 0.515625 0.9736328125 0.4296875 0.9697265625 0.4140625 0.9736328125 0.40625
2 0.9736328125 0.3046875 0.9873046875 0.3125 0.9853515625 0.375 0.9853515625 0.4609375 0.982421875 0.4453125 0.982421875 0.34375 0.9755859375 0.3359375 0.9736328125 0.328125 0.9736328125 0.3125
3 0.980469 0.460938 0.990234 0.460938 0.990234 0.546875 0.980469 0.546875
