2 0.0146484375 0.359375 0.0205078125 0.3671875 0.015625 0.3828125 0.0166015625 0.5078125 0.0146484375 0.5078125 0.013671875 0.4765625 0.0146484375 0.3671875
2 0.080078125 0.390625 0.087890625 0.3984375 0.0849609375 0.4140625 0.083984375 0.5 0.083984375 0.4140625 0.0810546875 0.3984375
3 0.2734375 0.4765625 0.2734375 0.515625 0.2685546875 0.53125 0.2666015625 0.515625 0.2666015625 0.484375 0.2724609375 0.4765625
3 0.154296875 0.484375 0.158203125 0.4921875 0.15625 0.515625 0.1572265625 0.5234375 0.154296875 0.5234375 0.154296875 0.4921875
2 0.4287109375 0.2578125 0.4228515625 0.28125 0.4228515625 0.5234375 0.4248046875 0.5546875 0.4228515625 0.5703125 0.4248046875 0.625 0.4228515625 0.6328125 0.4208984375 0.625 0.4189453125 0.5546875 0.4208984375 0.53125 0.4208984375 0.28125 0.4189453125 0.2578125 0.427734375 0.2578125
2 0.470703125 0.390625 0.4775390625 0.3984375 0.4755859375 0.3984375 0.4736328125 0.4296875 0.4736328125 0.5234375 0.4697265625 0.5234375 0.47265625 0.4921875 0.470703125 0.3984375
2 0.544921875 0.390625 0.5498046875 0.40625 0.5556640625 0.40625 0.5478515625 0.40625 0.5458984375 0.421875 0.5458984375 0.53125 0.54296875 0.5 0.54296875 0.484375 0.5458984375 0.46875 0.5439453125 0.4296875 0.544921875 0.3984375
2 0.619140625 0.375 0.619140625 0.4140625 0.6220703125 0.421875 0.619140625 0.4296875 0.619140625 0.5078125 0.6162109375 0.5078125 0.6162109375 0.40625 0.61328125 0.390625 0.6083984375 0.390625 0.6181640625 0.375
2 0.8095703125 0.5 0.8095703125 0.3984375 0.8134765625 0.390625 0.810546875 0.5078125
2 0.8935546875 0.34375 0.88671875 0.3671875 0.88671875 0.5078125 0.8837890625 0.5078125 0.8857421875 0.46875 0.8837890625 0.4296875 0.8857421875 0.4140625 0.8857421875 0.3828125 0.8828125 0.359375 0.87890625 0.3515625 0.892578125 0.34375
2 0.927734375 0 0.9521484375 0 0.9501953125 0.015625 0.94921875 0.0546875 0.951171875 0.0703125 0.951171875 0.171875 0.953125 0.1875 0.951171875 0.2109375 0.951171875 0.2890625 0.955078125 0.4375 0.9541015625 0.4609375 0.9560546875 0.46875 0.953125 0.5078125 0.9560546875 0.5859375 0.955078125 0.7890625 0.9580078125 0.875 0.9580078125 0.984375 0.9560546875 0.9921875 0.9521484375 0.984375 0.951171875 0.96875 0.9521484375 0.8515625 0.9501953125 0.828125 0.951171875 0.796875 0.947265625 0.75 0.94921875 0.71875 0.9462890625 0.6484375 0.947265625 0.5 0.9453125 0.4921875 0.9462890625 0.40625 0.943359375 0.3515625 0.9453125 0.328125 0.943359375 0.3046875 0.943359375 0.25 0.9462890625 0.234375 0.947265625 0.2109375 0.9423828125 0.171875 0.943359375 0.1171875 0.9462890625 0.09375 0.9423828125 0.0625 0.9423828125 0.0234375 0.9287109375 0
2 0.990234375 0.4140625 0.9921875 0.4921875 0.9951171875 0.5078125 0.994140625 0.5234375 0.9921875 0.5234375 0.9921875 0.5078125 0.990234375 0.5 0.990234375 0.421875
2 0.9140625 0.4140625 0.9150390625 0.4921875 0.9111328125 0.4609375 0.9111328125 0.421875 0.9130859375 0.4140625
2 0.2333984375 0.40625 0.2392578125 0.390625 0.2431640625 0.3984375 0.2421875 0.453125 0.244140625 0.46875 0.2431640625 0.4609375 0.2421875 0.484375 0.244140625 0.4921875 0.244140625 0.5078125 0.2421875 0.515625 0.2421875 0.5625 0.240234375 0.5 0.2412109375 0.421875 0.23828125 0.40625 0.234375 0.40625
2 0.1748046875 0.390625 0.185546875 0.40625 0.181640625 0.40625 0.1767578125 0.4296875 0.177734375 0.5078125 0.1748046875 0.5234375 0.1728515625 0.5078125 0.1748046875 0.4609375 0.171875 0.4375 0.1748046875 0.421875 0.1748046875 0.3984375
