2 0.7109375 0.1796875 0.712890625 0.1953125 0.712890625 0.28125 0.71484375 0.3046875 0.7275390625 0.3046875 0.7265625 0.3203125 0.7138671875 0.3203125 0.7138671875 0.640625 0.7109375 0.6484375 0.7109375 0.6171875 0.708984375 0.609375 0.7109375 0.578125 0.7109375 0.2421875 0.7041015625 0.2265625 0.701171875 0.234375 0.6806640625 0.21875 0.681640625 0.203125 0.69921875 0.2109375 0.7060546875 0.1953125 0.70703125 0.203125 0.7099609375 0.1875
2 0.1025390625 0.4140625 0.1044921875 0.4140625 0.10546875 0.453125 0.1044921875 0.515625 0.1044921875 0.4296875 0.1025390625 0.421875
2 0.3427734375 0.421875 0.34765625 0.4140625 0.34765625 0.5546875 0.3466796875 0.4453125 0.3427734375 0.4296875
2 0.6240234375 0.421875 0.6318359375 0.4140625 0.6318359375 0.4375 0.634765625 0.4453125 0.6318359375 0.4609375 0.6318359375 0.5234375 0.6357421875 0.53125 0.634765625 0.5546875 0.6318359375 0.5546875 0.630859375 0.4375 0.6240234375 0.4296875
2 0.5771484375 0.421875 0.5859375 0.4296875 0.5859375 0.4453125 0.578125 0.4453125 0.578125 0.484375 0.580078125 0.4921875 0.578125 0.5390625 0.5751953125 0.5078125 0.5751953125 0.4921875 0.5771484375 0.484375 0.5771484375 0.4296875
2 0.0478515625 0.3671875 0.05859375 0.375 0.0537109375 0.390625 0.0537109375 0.515625 0.052734375 0.390625 0.05078125 0.375 0.0478515625 0.375
3 0.150390625 0.546875 0.150390625 0.5234375 0.1484375 0.5078125 0.1494140625 0.484375 0.1533203125 0.4921875 0.1513671875 0.546875
2 0.1767578125 0.3515625 0.1845703125 0.375 0.189453125 0.3671875 0.19140625 0.3828125 0.1787109375 0.3828125 0.1767578125 0.40625 0.177734375 0.4921875 0.1748046875 0.4921875 0.17578125 0.4375 0.1689453125 0.4296875 0.1689453125 0.4140625 0.1748046875 0.4140625 0.17578125 0.359375
3 0.173828125 0.5078125 0.1796875 0.5078125 0.1796875 0.53125 0.177734375 0.5390625 0.1767578125 0.609375 0.1767578125 0.546875 0.173828125 0.515625
2 0.2578125 0.375 0.2646484375 0.375 0.26953125 0.359375 0.2705078125 0.484375 0.2734375 0.515625 0.2705078125 0.53125 0.26953125 0.5703125 0.26953125 0.5390625 0.2666015625 0.5234375 0.2666015625 0.5 0.26953125 0.484375 0.26953125 0.40625 0.267578125 0.3828125 0.2578125 0.3828125
3 0.3203125 0.59375 0.3193359375 0.4921875 0.3212890625 0.46875 0.326171875 0.46875 0.328125 0.5 0.3271484375 0.53125 0.3251953125 0.5234375 0.3212890625 0.5390625 0.3212890625 0.59375
2 0.5380859375 0.3046875 0.5478515625 0.328125 0.556640625 0.328125 0.5498046875 0.328125 0.541015625 0.3515625 0.541015625 0.5078125 0.5390625 0.6015625 0.5380859375 0.3125
2 0.5244140625 0.40625 0.53125 0.4140625 0.525390625 0.421875 0.525390625 0.5390625 0.5244140625 0.4140625
2 0.826171875 0.3671875 0.8369140625 0.3671875 0.8310546875 0.3828125 0.8310546875 0.5078125 0.830078125 0.3828125 0.8251953125 0.375
2 0.9580078125 0.3359375 0.9580078125 0.3515625 0.953125 0.34375 0.951171875 0.375 0.9521484375 0.5234375 0.9501953125 0.34375 0.95703125 0.3359375
