2 0.1787109375 0.328125 0.1806640625 0.34375 0.19140625 0.34375 0.1787109375 0.359375 0.177734375 0.546875 0.17578125 0.546875 0.173828125 0.5234375 0.17578125 0.4140625 0.169921875 0.3984375 0.1748046875 0.3828125 0.1748046875 0.3515625 0.177734375 0.328125
2 0.2548828125 0.3515625 0.2607421875 0.3515625 0.265625 0.3359375 0.26953125 0.34375 0.2685546875 0.4609375 0.2705078125 0.5 0.2685546875 0.515625 0.265625 0.5078125 0.265625 0.4765625 0.267578125 0.46875 0.267578125 0.3671875 0.2626953125 0.3515625 0.255859375 0.3515625
3 0.1572265625 0.515625 0.154296875 0.46875 0.1611328125 0.46875 0.1572265625 0.5234375
3 0.220703125 0.4765625 0.2236328125 0.515625 0.2236328125 0.546875 0.2197265625 0.546875 0.2177734375 0.5234375 0.212890625 0.515625 0.212890625 0.484375 0.2197265625 0.4765625
3 0.58984375 0.484375 0.6015625 0.5390625 0.6005859375 0.5625 0.5888671875 0.59375 0.578125 0.578125 0.5751953125 0.5546875 0.578125 0.5 0.58203125 0.484375 0.5888671875 0.484375
3 0.6259765625 0.4765625 0.6318359375 0.484375 0.630859375 0.515625 0.6279296875 0.5078125 0.6259765625 0.484375
2 0.6123046875 0.328125 0.615234375 0.34375 0.625 0.3515625 0.6162109375 0.3515625 0.6123046875 0.3828125 0.6123046875 0.5625 0.609375 0.5 0.609375 0.4765625 0.611328125 0.46875 0.611328125 0.4375 0.609375 0.4296875 0.611328125 0.4140625 0.611328125 0.3359375
2 0.5810546875 0.484375 0.580078125 0.4296875 0.5849609375 0.4296875 0.58203125 0.453125 0.58203125 0.4765625
2 0.7177734375 0.328125 0.716796875 0.3359375 0.71875 0.390625 0.724609375 0.3984375 0.720703125 0.3984375 0.7177734375 0.4140625 0.7177734375 0.46875 0.7197265625 0.4765625 0.7197265625 0.515625 0.716796875 0.5625 0.7138671875 0.515625 0.71484375 0.5078125 0.712890625 0.5 0.7158203125 0.4453125 0.7158203125 0.375 0.712890625 0.3515625 0.7001953125 0.34375 0.708984375 0.34375 0.716796875 0.328125
2 0.7734375 0.4140625 0.7763671875 0.421875 0.775390625 0.5078125 0.7724609375 0.5 0.7744140625 0.421875
2 0.818359375 0.375 0.8154296875 0.390625 0.814453125 0.5 0.8134765625 0.3984375 0.8095703125 0.3828125 0.8173828125 0.375
2 0.8916015625 0.34375 0.8984375 0.34375 0.8974609375 0.5 0.896484375 0.359375 0.892578125 0.34375
2 0.955078125 0.4140625 0.9609375 0.4296875 0.9580078125 0.4296875 0.9560546875 0.4453125 0.95703125 0.4765625 0.955078125 0.4765625 0.955078125 0.421875
2 0.986328125 0.1796875 0.9990234375 0.2109375 0.9990234375 0.2265625 0.9912109375 0.2265625 0.98828125 0.2578125 0.98828125 0.40625 0.990234375 0.4765625 0.98828125 0.5078125 0.9853515625 0.5078125 0.982421875 0.4765625 0.984375 0.46875 0.982421875 0.4609375 0.984375 0.453125 0.9833984375 0.4453125 0.986328125 0.4140625 0.986328125 0.1875
2 0.9169921875 0.4140625 0.9208984375 0.4140625 0.9208984375 0.4609375 0.9208984375 0.4296875 0.91796875 0.421875
