2 0.1474609375 0 0.1552734375 0 0.15625 0.015625 0.1552734375 0.0625 0.1572265625 0.09375 0.1572265625 0.265625 0.16015625 0.28125 0.1572265625 0.3203125 0.1572265625 0.359375 0.1591796875 0.3671875 0.1591796875 0.59375 0.162109375 0.6171875 0.16015625 0.6171875 0.1572265625 0.6484375 0.1591796875 0.65625 0.158203125 0.671875 0.154296875 0.6640625 0.154296875 0.53125 0.15234375 0.5234375 0.15234375 0.5078125 0.154296875 0.484375 0.1533203125 0.4609375 0.1552734375 0.3125 0.1533203125 0.28125 0.1552734375 0.265625 0.1552734375 0.171875 0.1533203125 0.0859375 0.1513671875 0.0546875 0.146484375 0.03125 0.1474609375 0.0078125
2 0.4287109375 0.1484375 0.462890625 0.1640625 0.4580078125 0.171875 0.4560546875 0.1953125 0.4560546875 0.3515625 0.4580078125 0.3671875 0.4619140625 0.3671875 0.46484375 0.390625 0.462890625 0.4921875 0.46484375 0.515625 0.46875 0.515625 0.462890625 0.53125 0.4599609375 0.5234375 0.4580078125 0.5390625 0.45703125 0.6171875 0.455078125 0.625 0.453125 0.609375 0.4541015625 0.53125 0.44921875 0.5078125 0.44921875 0.375 0.455078125 0.359375 0.455078125 0.1796875 0.44921875 0.1640625 0.4287109375 0.15625
2 0.482421875 0.359375 0.4833984375 0.34375 0.494140625 0.34375 0.4921875 0.359375 0.4921875 0.40625 0.49609375 0.421875 0.4921875 0.4296875 0.4931640625 0.546875 0.4912109375 0.546875 0.4912109375 0.359375 0.4833984375 0.359375
2 0.5458984375 0.390625 0.5537109375 0.390625 0.5517578125 0.40625 0.5517578125 0.5546875 0.5498046875 0.515625 0.5498046875 0.4765625 0.5517578125 0.46875 0.5517578125 0.40625 0.5458984375 0.3984375
2 0.5244140625 0.453125 0.5263671875 0.453125 0.525390625 0.484375 0.52734375 0.53125 0.52734375 0.5859375 0.525390625 0.5703125 0.5244140625 0.4609375
3 0.3251953125 0.4609375 0.3251953125 0.4765625 0.3271484375 0.4765625 0.326171875 0.515625 0.328125 0.546875 0.326171875 0.5546875 0.328125 0.5625 0.328125 0.59375 0.3251953125 0.6015625 0.322265625 0.6328125 0.32421875 0.6796875 0.322265625 0.6796875 0.322265625 0.7421875 0.3154296875 0.7421875 0.3125 0.7265625 0.3125 0.65625 0.31640625 0.6328125 0.31640625 0.6171875 0.3134765625 0.6015625 0.3115234375 0.609375 0.310546875 0.59375 0.30859375 0.6015625 0.306640625 0.5859375 0.3076171875 0.5234375 0.3115234375 0.484375 0.314453125 0.515625 0.3203125 0.5234375 0.3203125 0.4921875 0.3251953125 0.46875
2 0.3232421875 0.359375 0.3369140625 0.3671875 0.326171875 0.375 0.326171875 0.4609375 0.3251953125 0.4296875 0.322265625 0.4296875 0.3251953125 0.40625 0.3251953125 0.3828125 0.3232421875 0.3671875
3 0.3896484375 0.453125 0.392578125 0.484375 0.390625 0.5625 0.3896484375 0.5 0.3818359375 0.5 0.37890625 0.5546875 0.37890625 0.5078125 0.3759765625 0.484375 0.3759765625 0.46875 0.388671875 0.453125
3 0.2841796875 0.4609375 0.2900390625 0.46875 0.2900390625 0.515625 0.287109375 0.5234375 0.2861328125 0.609375 0.28515625 0.5234375 0.2822265625 0.5078125 0.283203125 0.46875
3 0.2314453125 0.484375 0.234375 0.4921875 0.232421875 0.53125 0.2353515625 0.5546875 0.234375 0.5703125 0.232421875 0.5703125 0.2314453125 0.4921875
3 0.048828125 0.484375 0.0517578125 0.5078125 0.0498046875 0.59375 0.0478515625 0.546875 0.044921875 0.5546875 0.0439453125 0.5859375 0.0439453125 0.546875 0.041015625 0.515625 0.041015625 0.4921875 0.0478515625 0.484375
