2 0.138671875 0.40625 0.1474609375 0.40625 0.1474609375 0.515625 0.1455078125 0.515625 0.1455078125 0.4921875 0.1435546875 0.4921875 0.1455078125 0.484375 0.14453125 0.421875 0.1396484375 0.40625
2 0.205078125 0.34375 0.20703125 0.3359375 0.2119140625 0.3515625 0.2109375 0.3984375 0.212890625 0.421875 0.2109375 0.4375 0.2109375 0.484375 0.208984375 0.484375 0.208984375 0.359375 0.2060546875 0.34375
2 0.318359375 0.3515625 0.3212890625 0.3515625 0.3154296875 0.375 0.314453125 0.4375 0.31640625 0.4609375 0.3134765625 0.453125 0.3125 0.40625 0.3134765625 0.3671875 0.3173828125 0.3515625
2 0.37890625 0.3203125 0.384765625 0.3125 0.390625 0.328125 0.390625 0.4453125 0.388671875 0.46875 0.392578125 0.4921875 0.3896484375 0.53125 0.38671875 0.515625 0.38671875 0.4375 0.3896484375 0.3984375 0.3896484375 0.3515625 0.3876953125 0.328125 0.3798828125 0.3203125
2 0.5791015625 0 0.583984375 0.0078125 0.5859375 0.1484375 0.583984375 0.15625 0.5830078125 0.203125 0.5859375 0.28125 0.5849609375 0.4375 0.5869140625 0.4453125 0.5849609375 0.6015625 0.5869140625 0.6640625 0.5849609375 0.6875 0.5849609375 0.75 0.5791015625 0.75 0.578125 0.7265625 0.5771484375 0.4140625 0.5791015625 0.203125 0.5771484375 0.15625 0.5791015625 0.1328125 0.5791015625 0.0078125
3 0.724609375 0.4921875 0.7294921875 0.4921875 0.7275390625 0.546875 0.724609375 0.5
2 0.736328125 0.2890625 0.755859375 0.2890625 0.744140625 0.2890625 0.7412109375 0.3046875 0.7412109375 0.421875 0.744140625 0.4375 0.7421875 0.46875 0.7421875 0.5390625 0.744140625 0.546875 0.7421875 0.5546875 0.740234375 0.5546875 0.7412109375 0.546875 0.7392578125 0.4765625 0.736328125 0.4375 0.740234375 0.421875 0.740234375 0.328125 0.7373046875 0.2890625
2 0.80859375 0.34375 0.8193359375 0.3515625 0.818359375 0.453125 0.8203125 0.5 0.8173828125 0.53125 0.8154296875 0.5078125 0.81640625 0.3671875 0.814453125 0.3515625 0.8095703125 0.34375
2 0.953125 0.3828125 0.962890625 0.3828125 0.9560546875 0.3984375 0.9580078125 0.515625 0.9560546875 0.53125 0.953125 0.515625 0.9521484375 0.4765625 0.955078125 0.453125 0.955078125 0.40625 0.953125 0.390625
3 0.923828125 0.484375 0.9267578125 0.484375 0.92578125 0.5234375 0.923828125 0.4921875
3 0.395508 0.476562 0.404297 0.476562 0.404297 0.59375 0.395508 0.59375
