2 0.23828125 0.296875 0.248046875 0.3125 0.248046875 0.375 0.24609375 0.390625 0.2451171875 0.46875 0.2431640625 0.453125 0.2451171875 0.4375 0.2470703125 0.328125 0.2451171875 0.3125 0.23828125 0.3046875
2 0.380859375 0.3125 0.376953125 0.3125 0.375 0.3359375 0.3759765625 0.3671875 0.3740234375 0.375 0.3720703125 0.453125 0.375 0.4609375 0.375 0.4921875 0.37109375 0.5078125 0.3701171875 0.5703125 0.3701171875 0.4609375 0.3720703125 0.4453125 0.375 0.3125 0.3779296875 0.296875 0.38671875 0.296875 0.38671875 0.3125 0.3818359375 0.3046875
2 0.95703125 0.3046875 0.9599609375 0.3125 0.9619140625 0.3828125 0.9619140625 0.4609375 0.9638671875 0.5 0.9638671875 0.59375 0.962890625 0.5859375 0.9609375 0.5078125 0.9609375 0.3984375 0.958984375 0.34375 0.9599609375 0.328125 0.95703125 0.3125
2 0.8095703125 0.4375 0.80859375 0.3828125 0.8115234375 0.3671875 0.8173828125 0.3671875 0.8095703125 0.3984375 0.810546875 0.4296875
3 0.056640625 0.5 0.0576171875 0.4765625 0.0615234375 0.484375 0.0595703125 0.5078125 0.060546875 0.5390625 0.0595703125 0.5078125 0.0576171875 0.5
2 0.1376953125 0.390625 0.138671875 0.4609375 0.1416015625 0.4765625 0.1396484375 0.5234375 0.13671875 0.4921875 0.1376953125 0.3984375
3 0.2861328125 0.4296875 0.2880859375 0.4296875 0.2900390625 0.453125 0.2880859375 0.4765625 0.2880859375 0.546875 0.2861328125 0.5703125 0.2861328125 0.4375
3 0.3408203125 0.4765625 0.3447265625 0.484375 0.34375 0.515625 0.341796875 0.5234375 0.3408203125 0.5859375 0.3408203125 0.484375
3 0.4609375 0.46875 0.4619140625 0.5078125 0.4580078125 0.5390625 0.4609375 0.5546875 0.4619140625 0.578125 0.4599609375 0.59375 0.4560546875 0.5859375 0.4560546875 0.546875 0.4580078125 0.53125 0.4560546875 0.5 0.45703125 0.4765625 0.4599609375 0.46875
1 0.443359375 0.4140625 0.44921875 0.4296875 0.44921875 0.46875 0.447265625 0.4765625 0.44921875 0.4921875 0.4462890625 0.53125 0.4423828125 0.53125 0.4453125 0.515625 0.4462890625 0.484375 0.4462890625 0.453125 0.4443359375 0.4375 0.427734375 0.4296875 0.43359375 0.4140625 0.4423828125 0.4140625
3 0.65625 0.53125 0.65625 0.59375 0.658203125 0.6015625 0.65625 0.6171875 0.65625 0.6875 0.654296875 0.6640625 0.6552734375 0.5390625
1 0.83984375 0.203125 0.8427734375 0.21875 0.8486328125 0.203125 0.86328125 0.1953125 0.865234375 0.1796875 0.869140625 0.1875 0.869140625 0.234375 0.87109375 0.296875 0.873046875 0.3125 0.8720703125 0.3359375 0.8740234375 0.4296875 0.87890625 0.4453125 0.8828125 0.484375 0.8828125 0.5078125 0.8779296875 0.53125 0.880859375 0.609375 0.880859375 0.6796875 0.87890625 0.71875 0.875 0.6953125 0.873046875 0.53125 0.8681640625 0.5 0.8681640625 0.4609375 0.87109375 0.4296875 0.869140625 0.3828125 0.87109375 0.375 0.869140625 0.3671875 0.8701171875 0.359375 0.8671875 0.328125 0.8671875 0.296875 0.86328125 0.21875 0.8466796875 0.2265625 0.841796875 0.234375 0.837890625 0.2578125 0.818359375 0.2734375 0.814453125 0.296875 0.8056640625 0.2890625 0.796875 0.328125 0.775390625 0.328125 0.7822265625 0.3203125 0.78515625 0.28125 0.7998046875 0.2421875 0.8046875 0.2421875 0.8056640625 0.2578125 0.8076171875 0.2578125 0.80859375 0.234375 0.8193359375 0.2421875 0.8203125 0.2265625 0.8388671875 0.203125
1 0.1416015625 0.296875 0.1455078125 0.296875 0.142578125 0.296875 0.140625 0.3125 0.140625 0.3359375 0.142578125 0.3515625 0.150390625 0.3515625 0.1611328125 0.328125 0.166015625 0.34375 0.185546875 0.34375 0.1875 0.3203125 0.19921875 0.3125 0.2041015625 0.3203125 0.205078125 0.34375 0.2236328125 0.34375 0.2255859375 0.3515625 0.2236328125 0.3671875 0.2236328125 0.546875 0.2216796875 0.546875 0.22265625 0.375 0.220703125 0.359375 0.205078125 0.359375 0.2021484375 0.375 0.1953125 0.375 0.1865234375 0.3671875 0.1845703125 0.3515625 0.1669921875 0.3515625 0.162109375 0.375 0.15234375 0.359375 0.1435546875 0.359375 0.1416015625 0.375 0.1328125 0.3828125 0.103515625 0.375 0.1025390625 0.390625 0.1064453125 0.5390625 0.10546875 0.5546875 0.103515625 0.5546875 0.1025390625 0.5390625 0.099609375 0.3984375 0.1005859375 0.375 0.109375 0.359375 0.1123046875 0.3203125 0.1357421875 0.3125 0.140625 0.296875
