2 0.5322265625 0.578125 0.537109375 0.5703125 0.533203125 0.59375 0.5341796875 0.6171875 0.5322265625 0.5859375
3 0.3486328125 0.6640625 0.3515625 0.65625 0.35546875 0.6875 0.357421875 0.6796875 0.35546875 0.7265625 0.3505859375 0.71875 0.3486328125 0.734375 0.34375 0.8515625 0.3447265625 0.796875 0.3486328125 0.7265625 0.3486328125 0.671875
1 0.4091796875 0.5390625 0.416015625 0.5546875 0.4267578125 0.5546875 0.427734375 0.5703125 0.4384765625 0.5703125 0.4404296875 0.5859375 0.44140625 0.75 0.4384765625 0.7421875 0.4375 0.6015625 0.43359375 0.59375 0.4306640625 0.5703125 0.41796875 0.578125 0.3984375 0.5703125 0.3916015625 0.5546875 0.376953125 0.5546875 0.390625 0.5546875 0.39453125 0.53125 0.408203125 0.5390625
2 0.53515625 0.6328125 0.5380859375 0.703125 0.537109375 0.6875 0.5361328125 0.6953125 0.5341796875 0.640625
1 0.5478515625 0.5859375 0.5576171875 0.59375 0.560546875 0.6171875 0.560546875 0.640625 0.5625 0.6484375 0.560546875 0.6640625 0.5576171875 0.65625 0.5576171875 0.6328125 0.5546875 0.6015625 0.5517578125 0.6015625 0.55078125 0.6171875 0.5341796875 0.625 0.5341796875 0.640625 0.53125 0.625 0.515625 0.6328125 0.51171875 0.6484375 0.5126953125 0.6875 0.509765625 0.6875 0.509765625 0.65625 0.5078125 0.6328125 0.5146484375 0.6015625 0.5361328125 0.609375 0.546875 0.5859375
3 0.6181640625 0.6015625 0.6259765625 0.609375 0.6259765625 0.625 0.6240234375 0.6328125 0.6259765625 0.6796875 0.6220703125 0.6328125 0.619140625 0.6328125 0.6181640625 0.609375
2 0.591796875 0.515625 0.5966796875 0.6015625 0.6005859375 0.6015625 0.60546875 0.6796875 0.603515625 0.6796875 0.6025390625 0.6640625 0.59765625 0.6640625 0.5927734375 0.546875 0.5908203125 0.53125 0.5859375 0.53125 0.587890625 0.515625 0.5908203125 0.515625
2 0.6396484375 0.390625 0.642578125 0.390625 0.640625 0.4140625 0.6484375 0.515625 0.65234375 0.5390625 0.6533203125 0.5859375 0.65625 0.625 0.65625 0.6484375 0.654296875 0.65625 0.6591796875 0.703125 0.662109375 0.703125 0.6572265625 0.71875 0.6533203125 0.671875 0.650390625 0.59375 0.6455078125 0.53125 0.6455078125 0.484375 0.6416015625 0.4609375 0.642578125 0.4453125 0.6396484375 0.3984375
1 0.8271484375 0.203125 0.8603515625 0.203125 0.859375 0.2265625 0.8486328125 0.2265625 0.8330078125 0.25 0.830078125 0.25 0.8271484375 0.2109375
1 0.7998046875 0.296875 0.806640625 0.453125 0.8037109375 0.4375 0.802734375 0.390625 0.796875 0.3125 0.7822265625 0.3125 0.78515625 0.2890625 0.798828125 0.296875
