2 0.609375 0.3203125 0.6240234375 0.328125 0.6181640625 0.3359375 0.6162109375 0.3515625 0.609375 0.5234375 0.607421875 0.5234375 0.6083984375 0.484375 0.615234375 0.34375 0.609375 0.328125
2 0.0576171875 0 0.0595703125 0 0.0595703125 0.015625 0.0546875 0.046875 0.0576171875 0.0703125 0.05859375 0.1171875 0.0615234375 0.1328125 0.0654296875 0.21875 0.0673828125 0.2265625 0.0673828125 0.25 0.0712890625 0.3046875 0.07421875 0.390625 0.076171875 0.40625 0.0849609375 0.59375 0.0859375 0.640625 0.0888671875 0.671875 0.0927734375 0.7734375 0.099609375 0.8671875 0.099609375 0.9140625 0.09765625 0.9140625 0.0986328125 0.8828125 0.091796875 0.8515625 0.091796875 0.8046875 0.0849609375 0.7421875 0.0859375 0.6953125 0.0830078125 0.6640625 0.08203125 0.6171875 0.0791015625 0.6171875 0.0810546875 0.609375 0.0810546875 0.59375 0.078125 0.5625 0.078125 0.53125 0.0771484375 0.5234375 0.076171875 0.5390625 0.076171875 0.484375 0.0712890625 0.4140625 0.0732421875 0.3984375 0.0703125 0.3828125 0.0712890625 0.3671875 0.0693359375 0.3515625 0.068359375 0.359375 0.068359375 0.28125 0.0654296875 0.2578125 0.064453125 0.21875 0.060546875 0.203125 0.0615234375 0.1875 0.05859375 0.15625 0.0576171875 0.1015625 0.052734375 0.078125 0.0537109375 0.03125 0.0576171875 0.0078125
3 0.220703125 0.4453125 0.224609375 0.4609375 0.22265625 0.4765625 0.224609375 0.5 0.2236328125 0.53125 0.220703125 0.453125
3 0.2138671875 0.453125 0.216796875 0.453125 0.2177734375 0.4921875 0.216796875 0.5234375 0.2138671875 0.4609375
1 0.265625 0.3359375 0.2685546875 0.3359375 0.26953125 0.40625 0.2724609375 0.453125 0.271484375 0.4609375 0.2685546875 0.453125 0.2685546875 0.4140625 0.265625 0.375 0.2451171875 0.375 0.2646484375 0.375 0.267578125 0.34375 0.2666015625 0.3359375
1 0.3388671875 0.3046875 0.3427734375 0.296875 0.359375 0.3125 0.361328125 0.296875 0.3642578125 0.296875 0.3642578125 0.3203125 0.3447265625 0.3125 0.3427734375 0.328125 0.34375 0.3671875 0.34765625 0.390625 0.34765625 0.4140625 0.341796875 0.4296875 0.3388671875 0.390625 0.3408203125 0.3671875 0.33984375 0.3125
2 0.3955078125 0.1015625 0.3994140625 0.1015625 0.4033203125 0.1328125 0.4091796875 0.140625 0.408203125 0.15625 0.4033203125 0.15625 0.404296875 0.5 0.4033203125 0.515625 0.400390625 0.515625 0.40234375 0.5 0.40234375 0.1484375 0.3994140625 0.125 0.396484375 0.125 0.3955078125 0.109375
2 0.388671875 0.3125 0.3916015625 0.3125 0.3916015625 0.4140625 0.3896484375 0.421875 0.3896484375 0.3203125
1 0.5419921875 0.359375 0.572265625 0.359375 0.57421875 0.375 0.578125 0.375 0.5751953125 0.46875 0.5712890625 0.46875 0.57421875 0.421875 0.5732421875 0.390625 0.5673828125 0.3984375 0.5634765625 0.3828125 0.5302734375 0.3828125 0.52734375 0.4296875 0.5244140625 0.4375 0.525390625 0.375 0.541015625 0.359375
3 0.697265625 0.5234375 0.69921875 0.53125 0.6953125 0.5546875 0.6962890625 0.5859375 0.693359375 0.6015625 0.6923828125 0.6328125 0.689453125 0.65625 0.6904296875 0.6796875 0.6875 0.7109375 0.6865234375 0.6875 0.6904296875 0.6171875 0.6884765625 0.6015625 0.685546875 0.6015625 0.6865234375 0.53125 0.6884765625 0.515625 0.6962890625 0.5234375
