2 0.2138671875 0.1875 0.21875 0.1953125 0.2216796875 0.1796875 0.22265625 0.1953125 0.2353515625 0.1953125 0.2353515625 0.2109375 0.220703125 0.2109375 0.216796875 0.3984375 0.216796875 0.4765625 0.21484375 0.5234375 0.2138671875 0.46875 0.2197265625 0.2109375 0.205078125 0.203125 0.2060546875 0.1875 0.212890625 0.1953125
2 0.3896484375 0.3984375 0.3916015625 0.3828125 0.3974609375 0.40625 0.3935546875 0.4140625 0.388671875 0.5390625 0.392578125 0.421875 0.392578125 0.40625 0.390625 0.3984375
2 0.4599609375 0.4140625 0.4609375 0.4296875 0.4560546875 0.5546875 0.4560546875 0.515625 0.4599609375 0.421875
2 0.5205078125 0.4453125 0.5244140625 0.4609375 0.5205078125 0.46875 0.5166015625 0.6171875 0.515625 0.5859375 0.51953125 0.484375 0.5166015625 0.4609375 0.51953125 0.453125
3 0.052734375 0.4375 0.0537109375 0.484375 0.0517578125 0.484375 0.0517578125 0.515625 0.0537109375 0.5703125 0.0478515625 0.4765625 0.0478515625 0.4453125 0.0517578125 0.4375
3 0.1845703125 0.3828125 0.1875 0.390625 0.1845703125 0.4609375 0.1845703125 0.5078125 0.1826171875 0.421875 0.1826171875 0.3984375 0.1845703125 0.390625
3 0.2431640625 0.46875 0.2421875 0.4609375 0.2412109375 0.4765625 0.2373046875 0.484375 0.2392578125 0.5 0.23828125 0.5390625 0.2373046875 0.5234375 0.234375 0.546875 0.2333984375 0.5078125 0.2353515625 0.484375 0.2314453125 0.4609375 0.232421875 0.4296875 0.2412109375 0.4296875 0.2431640625 0.4609375
1 0.234375 0.3671875 0.24609375 0.3828125 0.26953125 0.3828125 0.271484375 0.3984375 0.2802734375 0.3828125 0.2822265625 0.4140625 0.2763671875 0.53125 0.2724609375 0.5234375 0.2724609375 0.484375 0.275390625 0.4375 0.2744140625 0.40625 0.2158203125 0.3828125 0.212890625 0.46875 0.208984375 0.4765625 0.20703125 0.4453125 0.2099609375 0.359375 0.21875 0.3828125 0.2294921875 0.3828125 0.2333984375 0.3671875
2 0.2119140625 0.2734375 0.21875 0.2734375 0.212890625 0.2890625 0.2119140625 0.359375 0.2119140625 0.28125
2 0.279296875 0.3046875 0.2919921875 0.3203125 0.2861328125 0.3359375 0.2841796875 0.3671875 0.283203125 0.46875 0.2802734375 0.53125 0.2783203125 0.5390625 0.2822265625 0.46875 0.283203125 0.359375 0.28515625 0.3359375 0.2841796875 0.3203125 0.279296875 0.3125
1 0.5625 0.5390625 0.5810546875 0.5546875 0.580078125 0.65625 0.580078125 0.5703125 0.578125 0.5546875 0.5478515625 0.546875 0.5458984375 0.5703125 0.544921875 0.625 0.5439453125 0.6015625 0.546875 0.5390625 0.5615234375 0.5390625
3 0.66015625 0.640625 0.6640625 0.65625 0.6630859375 0.6796875 0.658203125 0.6875 0.658203125 0.7265625 0.6611328125 0.765625 0.6552734375 0.765625 0.65625 0.6953125 0.6513671875 0.6796875 0.65234375 0.6484375 0.6591796875 0.6484375
2 0.6455078125 0.2890625 0.6552734375 0.2890625 0.658203125 0.2734375 0.677734375 0.28125 0.6767578125 0.3125 0.6611328125 0.3203125 0.6591796875 0.40625 0.66015625 0.640625 0.65625 0.6328125 0.6552734375 0.40625 0.6572265625 0.328125 0.640625 0.3203125 0.6396484375 0.3046875 0.6416015625 0.2890625 0.64453125 0.2890625
2 0.9814453125 0.1015625 0.984375 0.125 0.986328125 0.203125 0.98828125 0.21875 0.99609375 0.4921875 0.9990234375 0.5 0.9990234375 0.5703125 0.994140625 0.5390625 0.994140625 0.4765625 0.9912109375 0.4296875 0.9921875 0.40625 0.990234375 0.390625 0.9892578125 0.3125 0.9814453125 0.109375
