2 0.3388671875 0.1640625 0.34765625 0.171875 0.34375 0.1953125 0.3447265625 0.21875 0.353515625 0.34375 0.3623046875 0.53125 0.3720703125 0.6796875 0.3720703125 0.7109375 0.369140625 0.7109375 0.3681640625 0.6875 0.365234375 0.671875 0.365234375 0.6328125 0.36328125 0.6171875 0.357421875 0.4765625 0.3544921875 0.4453125 0.349609375 0.328125 0.3427734375 0.21875 0.33984375 0.1953125 0.33203125 0.203125 0.328125 0.2265625 0.3203125 0.21875 0.32421875 0.1953125 0.33203125 0.1953125 0.3369140625 0.1875 0.3388671875 0.171875
2 0.9091796875 0.375 0.9208984375 0.375 0.931640625 0.3984375 0.919921875 0.40625 0.9111328125 0.59375 0.9111328125 0.65625 0.9052734375 0.65625 0.9052734375 0.640625 0.9091796875 0.6171875 0.9189453125 0.40625 0.91796875 0.390625 0.9091796875 0.3828125
1 0.0595703125 0.5078125 0.060546875 0.5390625 0.0712890625 0.546875 0.072265625 0.6328125 0.07421875 0.640625 0.07421875 0.6875 0.072265625 0.71875 0.0703125 0.71875 0.068359375 0.6640625 0.068359375 0.640625 0.0703125 0.6328125 0.0703125 0.5703125 0.06640625 0.5546875 0.056640625 0.5625 0.0546875 0.5390625 0.05859375 0.5078125
2 0.037109375 0.484375 0.04296875 0.5078125 0.037109375 0.515625 0.03515625 0.6875 0.0322265625 0.6875 0.0322265625 0.6640625 0.0341796875 0.65625 0.0361328125 0.5078125 0.03125 0.4921875 0.0361328125 0.4921875
2 0.20703125 0.453125 0.2080078125 0.4375 0.2109375 0.4375 0.2197265625 0.65625 0.21875 0.6875 0.2177734375 0.6640625 0.2138671875 0.640625 0.2158203125 0.6328125 0.2158203125 0.6015625 0.2099609375 0.4609375 0.2080078125 0.453125
3 0.3916015625 0.515625 0.392578125 0.53125 0.3955078125 0.5234375 0.3955078125 0.6015625 0.3994140625 0.6171875 0.400390625 0.59375 0.4033203125 0.671875 0.40234375 0.6640625 0.396484375 0.6953125 0.3974609375 0.734375 0.40234375 0.7578125 0.40234375 0.8046875 0.400390625 0.8125 0.3974609375 0.796875 0.396484375 0.7734375 0.392578125 0.7578125 0.3916015625 0.7734375 0.390625 0.75 0.392578125 0.71875 0.390625 0.6953125 0.3896484375 0.703125 0.380859375 0.6796875 0.380859375 0.640625 0.384765625 0.6171875 0.375 0.5703125 0.37890625 0.53125 0.380859375 0.546875 0.3818359375 0.53125 0.390625 0.5390625 0.3916015625 0.5234375
3 0.9931640625 0.6953125 0.9990234375 0.6953125 0.9990234375 0.7734375 0.9921875 0.8125 0.9912109375 0.8515625 0.9873046875 0.875 0.9853515625 0.90625 0.986328125 0.921875 0.984375 0.9296875 0.984375 0.953125 0.98046875 0.96875 0.9765625 0.9296875 0.98046875 0.921875 0.9892578125 0.8046875 0.98828125 0.7890625 0.9873046875 0.796875 0.98828125 0.78125 0.9853515625 0.765625 0.984375 0.7265625 0.9921875 0.703125
3 0.9794921875 0.8046875 0.98046875 0.8203125 0.9755859375 0.8125 0.978515625 0.7109375 0.9755859375 0.6953125 0.974609375 0.671875 0.9775390625 0.6484375 0.982421875 0.6484375 0.984375 0.6640625 0.984375 0.6875 0.9794921875 0.7265625 0.98046875 0.75 0.9775390625 0.78125 0.978515625 0.8046875
1 0.943359375 0.5078125 0.9638671875 0.5234375 0.96875 0.5234375 0.970703125 0.5078125 0.9736328125 0.515625 0.9736328125 0.546875 0.9716796875 0.5546875 0.9658203125 0.53125 0.955078125 0.53125 0.9453125 0.515625 0.9423828125 0.5625 0.943359375 0.6484375 0.9423828125 0.6640625 0.9404296875 0.65625 0.9375 0.6953125 0.935546875 0.6953125 0.935546875 0.625 0.9384765625 0.6015625 0.943359375 0.515625
3 0.8662109375 0.546875 0.8720703125 0.546875 0.8681640625 0.609375 0.8681640625 0.5859375 0.865234375 0.5625 0.8662109375 0.5546875
