2 0.65625 0.25 0.65625 0.265625 0.654296875 0.2734375 0.6650390625 0.3984375 0.6796875 0.625 0.6767578125 0.6171875 0.654296875 0.2890625 0.6513671875 0.265625 0.6376953125 0.28125 0.63671875 0.2734375 0.6396484375 0.2578125 0.6494140625 0.2578125 0.6513671875 0.2421875 0.6552734375 0.25
2 0.0908203125 0.359375 0.1015625 0.3671875 0.1015625 0.3828125 0.095703125 0.3828125 0.08984375 0.4921875 0.0869140625 0.4921875 0.0849609375 0.515625 0.08203125 0.515625 0.0849609375 0.484375 0.0849609375 0.4609375 0.0888671875 0.4609375 0.0947265625 0.3828125 0.0908203125 0.3671875
2 0.232421875 0.40625 0.2431640625 0.40625 0.2451171875 0.421875 0.2421875 0.4375 0.228515625 0.6796875 0.2265625 0.6796875 0.2412109375 0.4375 0.240234375 0.421875 0.232421875 0.4140625
2 0.4970703125 0.484375 0.498046875 0.46875 0.5078125 0.46875 0.501953125 0.4765625 0.5 0.4921875 0.5087890625 0.71875 0.505859375 0.6953125 0.50390625 0.609375 0.498046875 0.484375
2 0.3935546875 0.5390625 0.396484375 0.5546875 0.40234375 0.5546875 0.3955078125 0.5625 0.3935546875 0.578125 0.3935546875 0.75 0.3916015625 0.7421875 0.392578125 0.5703125 0.390625 0.5625 0.390625 0.546875 0.392578125 0.546875
2 0.5205078125 0.53125 0.5224609375 0.53125 0.521484375 0.5625 0.52734375 0.6640625 0.525390625 0.671875 0.5234375 0.65625 0.5205078125 0.5390625
1 0.6025390625 0.5 0.65234375 0.4453125 0.6611328125 0.4453125 0.6708984375 0.5625 0.6708984375 0.5859375 0.6689453125 0.578125 0.66015625 0.4609375 0.6279296875 0.484375 0.6162109375 0.5078125 0.6064453125 0.5078125 0.60546875 0.515625 0.609375 0.609375 0.607421875 0.609375 0.60546875 0.5859375 0.603515625 0.5078125
2 0.607421875 0.4140625 0.607421875 0.4296875 0.6015625 0.4375 0.603515625 0.5078125 0.6015625 0.5 0.599609375 0.453125 0.591796875 0.4453125 0.591796875 0.4296875 0.59765625 0.4140625 0.6064453125 0.4140625
1 0.1494140625 0.4375 0.1533203125 0.4609375 0.1650390625 0.46875 0.162109375 0.5234375 0.162109375 0.5703125 0.1591796875 0.5703125 0.158203125 0.5390625 0.1630859375 0.484375 0.1494140625 0.46875 0.1494140625 0.4453125
1 0.1025390625 0.421875 0.1123046875 0.4375 0.1171875 0.4296875 0.1171875 0.453125 0.103515625 0.4375 0.1015625 0.453125 0.1015625 0.4921875 0.0986328125 0.5078125 0.095703125 0.5078125 0.095703125 0.46875 0.0986328125 0.46875 0.1025390625 0.4296875
2 0.0791015625 0.1875 0.08203125 0.203125 0.091796875 0.203125 0.0927734375 0.21875 0.0791015625 0.2109375 0.076171875 0.234375 0.064453125 0.4140625 0.0595703125 0.53125 0.056640625 0.5546875 0.0546875 0.546875 0.0546875 0.53125 0.0625 0.4453125 0.0625 0.40625 0.0751953125 0.21875 0.0732421875 0.1953125 0.078125 0.1875
