2 0.3955078125 0.2265625 0.3974609375 0.2421875 0.408203125 0.2421875 0.41015625 0.2578125 0.396484375 0.265625 0.3916015625 0.53125 0.3896484375 0.53125 0.3896484375 0.484375 0.3916015625 0.4453125 0.3916015625 0.359375 0.39453125 0.28125 0.3916015625 0.2421875 0.39453125 0.234375
2 0.578125 0.2265625 0.58984375 0.2265625 0.5927734375 0.25 0.578125 0.25 0.576171875 0.265625 0.5625 0.6328125 0.5595703125 0.6328125 0.560546875 0.59375 0.56640625 0.4921875 0.5703125 0.3984375 0.5703125 0.3515625 0.5751953125 0.265625 0.5732421875 0.2421875 0.5771484375 0.2265625
2 0.1982421875 0.2578125 0.2080078125 0.2578125 0.2060546875 0.2734375 0.2060546875 0.296875 0.2099609375 0.453125 0.2099609375 0.515625 0.2080078125 0.5 0.205078125 0.28125 0.1962890625 0.28125 0.1943359375 0.265625 0.197265625 0.2578125
2 0.072265625 0.3359375 0.072265625 0.3515625 0.064453125 0.359375 0.0693359375 0.4921875 0.0732421875 0.5078125 0.07421875 0.53125 0.07421875 0.5703125 0.072265625 0.5859375 0.0703125 0.578125 0.0703125 0.5546875 0.0673828125 0.515625 0.068359375 0.4921875 0.064453125 0.375 0.0615234375 0.359375 0.0625 0.3359375 0.0712890625 0.3359375
2 0.5810546875 0.3984375 0.5849609375 0.3984375 0.5810546875 0.421875 0.580078125 0.46875 0.5791015625 0.453125 0.5810546875 0.4375 0.5810546875 0.40625
2 0.576171875 0.5 0.5791015625 0.5 0.576171875 0.5703125 0.57421875 0.5703125 0.576171875 0.5078125
1 0.15234375 0.3984375 0.16796875 0.3984375 0.169921875 0.4453125 0.1748046875 0.4765625 0.1689453125 0.4921875 0.1689453125 0.4375 0.1669921875 0.4140625 0.1533203125 0.421875 0.15234375 0.40625
3 0.185546875 0.4453125 0.189453125 0.453125 0.1884765625 0.484375 0.185546875 0.5078125 0.185546875 0.453125
1 0.7138671875 0.484375 0.7177734375 0.5078125 0.7236328125 0.515625 0.7451171875 0.5234375 0.7451171875 0.625 0.7431640625 0.6171875 0.7431640625 0.5390625 0.697265625 0.5078125 0.6845703125 0.5078125 0.6826171875 0.5859375 0.6796875 0.6015625 0.6826171875 0.4921875 0.7099609375 0.5 0.712890625 0.484375
2 0.67578125 0.40625 0.6953125 0.421875 0.693359375 0.4375 0.6865234375 0.4296875 0.6845703125 0.453125 0.6845703125 0.484375 0.6826171875 0.484375 0.68359375 0.4375 0.67578125 0.4140625
2 0.744141 0.460938 0.755859 0.460938 0.755859 0.53125 0.744141 0.53125
2 0.806640625 0.3203125 0.8115234375 0.3359375 0.8154296875 0.328125 0.8173828125 0.34375 0.81640625 0.6328125 0.818359375 0.7578125 0.81640625 0.734375 0.814453125 0.75 0.814453125 0.359375 0.810546875 0.34375 0.8056640625 0.34375 0.8056640625 0.328125
