2 0.400390625 0.21875 0.40234375 0.2265625 0.4013671875 0.25 0.4072265625 0.4375 0.4052734375 0.4375 0.40234375 0.3125 0.4013671875 0.3046875 0.3984375 0.328125 0.396484375 0.3125 0.3974609375 0.296875 0.3984375 0.3046875 0.4013671875 0.2890625 0.400390625 0.2421875 0.392578125 0.2421875 0.392578125 0.2265625 0.3994140625 0.2265625
2 0.609375 0.265625 0.6162109375 0.28125 0.611328125 0.3984375 0.6123046875 0.4296875 0.6083984375 0.46875 0.6064453125 0.46875 0.607421875 0.421875 0.6044921875 0.421875 0.6044921875 0.3984375 0.6083984375 0.40625 0.611328125 0.3828125 0.615234375 0.3046875 0.6142578125 0.2890625 0.609375 0.2734375
2 0.2744140625 0.296875 0.283203125 0.296875 0.283203125 0.3125 0.27734375 0.3125 0.275390625 0.328125 0.2861328125 0.515625 0.2841796875 0.515625 0.275390625 0.3359375 0.2724609375 0.3203125 0.2744140625 0.3046875
2 0.9169921875 0.53125 0.9248046875 0.5234375 0.9248046875 0.5390625 0.9189453125 0.5390625 0.9169921875 0.5546875 0.9150390625 0.671875 0.9130859375 0.65625 0.9169921875 0.5390625
2 0.984375 0.515625 0.994140625 0.5234375 0.9951171875 0.65625 0.998046875 0.671875 0.9951171875 0.734375 0.9951171875 0.703125 0.9921875 0.6875 0.9921875 0.671875 0.994140625 0.6640625 0.994140625 0.546875 0.990234375 0.5234375 0.984375 0.5234375
2 0.537109375 0.2109375 0.537109375 0.2265625 0.5263671875 0.234375 0.5244140625 0.3125 0.525390625 0.40625 0.5224609375 0.4453125 0.5205078125 0.3828125 0.5234375 0.34375 0.525390625 0.2265625 0.5361328125 0.2109375
3 0.9384765625 0.703125 0.9453125 0.703125 0.9423828125 0.734375 0.9423828125 0.765625 0.9404296875 0.765625 0.9384765625 0.7109375
1 0.9169921875 0.59375 0.9619140625 0.6015625 0.9619140625 0.7109375 0.9580078125 0.7109375 0.958984375 0.6171875 0.9560546875 0.6015625 0.91796875 0.6015625
1 0.787109375 0.3359375 0.7998046875 0.359375 0.81640625 0.359375 0.802734375 0.375 0.7998046875 0.40625 0.80078125 0.4375 0.798828125 0.4453125 0.7939453125 0.53125 0.791015625 0.53125 0.7919921875 0.5078125 0.7900390625 0.484375 0.7841796875 0.46875 0.736328125 0.4375 0.7138671875 0.40625 0.6982421875 0.40625 0.693359375 0.390625 0.7099609375 0.390625 0.7451171875 0.421875 0.75390625 0.4140625 0.755859375 0.4296875 0.7607421875 0.4375 0.79296875 0.4609375 0.7958984375 0.4296875 0.7978515625 0.375 0.787109375 0.34375
2 0.6953125 0.28125 0.6982421875 0.2890625 0.6982421875 0.3046875 0.6953125 0.3203125 0.6962890625 0.3359375 0.69140625 0.3203125 0.6875 0.3515625 0.6884765625 0.3671875 0.6826171875 0.4296875 0.681640625 0.484375 0.677734375 0.5 0.6748046875 0.4921875 0.6748046875 0.46875 0.6796875 0.4375 0.685546875 0.34375 0.6865234375 0.296875 0.6943359375 0.2890625
1 0.2236328125 0 0.21484375 0.0078125 0.2138671875 0.0234375 0.2060546875 0.046875 0.181640625 0.09375 0.177734375 0.125 0.1689453125 0.140625 0.1611328125 0.1875 0.154296875 0.1953125 0.1533203125 0.203125 0.1552734375 0.2109375 0.1484375 0.21875 0.1240234375 0.3125 0.1240234375 0.328125 0.1142578125 0.390625 0.1142578125 0.40625 0.1162109375 0.4140625 0.109375 0.40625 0.1015625 0.4375 0.1005859375 0.453125 0.10546875 0.53125 0.1083984375 0.6171875 0.107421875 0.640625 0.1103515625 0.671875 0.1103515625 0.6953125 0.1123046875 0.703125 0.1123046875 0.734375 0.109375 0.734375 0.107421875 0.65625 0.10546875 0.6484375 0.1005859375 0.5 0.095703125 0.421875 0.103515625 0.4140625 0.1083984375 0.3671875 0.1220703125 0.328125 0.123046875 0.3046875 0.134765625 0.2734375 0.134765625 0.2578125 0.140625 0.2421875 0.14453125 0.2109375 0.1494140625 0.203125 0.1494140625 0.1875 0.154296875 0.1640625 0.1630859375 0.1484375 0.16796875 0.1171875 0.171875 0.125 0.177734375 0.109375 0.18359375 0.0703125 0.185546875 0.078125 0.19140625 0.046875 0.205078125 0.0234375 0.2080078125 0.0078125 0.22265625 0
