2 0.4013671875 0 0.4033203125 0 0.4033203125 0.015625 0.392578125 0.2890625 0.3896484375 0.4609375 0.38671875 0.5234375 0.3876953125 0.5390625 0.3828125 0.5390625 0.38671875 0.4375 0.384765625 0.40625 0.3876953125 0.3984375 0.392578125 0.1953125 0.4013671875 0.0078125
2 0.814453125 0.5625 0.8173828125 0.5625 0.8154296875 0.578125 0.81640625 0.703125 0.814453125 0.7421875 0.814453125 0.5703125
1 0.263671875 0.2734375 0.267578125 0.2890625 0.2763671875 0.2890625 0.2763671875 0.3046875 0.2744140625 0.3125 0.2763671875 0.3203125 0.275390625 0.3515625 0.2783203125 0.4140625 0.2783203125 0.4453125 0.2763671875 0.453125 0.2744140625 0.34375 0.2724609375 0.3125 0.259765625 0.3203125 0.2509765625 0.3046875 0.244140625 0.3125 0.2421875 0.328125 0.2314453125 0.3203125 0.20703125 0.34375 0.2001953125 0.3359375 0.1923828125 0.3515625 0.19140625 0.375 0.1953125 0.4296875 0.1943359375 0.4765625 0.1923828125 0.46875 0.19140625 0.4140625 0.1865234375 0.3515625 0.189453125 0.328125 0.203125 0.3046875 0.2158203125 0.3125 0.22265625 0.296875 0.2626953125 0.2734375
2 0.2734375 0.2109375 0.2822265625 0.2265625 0.2783203125 0.25 0.27734375 0.296875 0.275390625 0.2890625 0.2744140625 0.2421875 0.2666015625 0.2265625 0.267578125 0.2109375 0.2724609375 0.2109375
2 0.45703125 0.2734375 0.4599609375 0.2734375 0.4599609375 0.296875 0.455078125 0.3828125 0.4560546875 0.421875 0.4521484375 0.4375 0.4521484375 0.40625 0.458984375 0.296875 0.45703125 0.28125
3 0.5986328125 0.53125 0.6005859375 0.53125 0.6015625 0.546875 0.59375 0.6171875 0.5986328125 0.5390625
1 0.7431640625 0.03125 0.744140625 0.046875 0.740234375 0.1171875 0.736328125 0.140625 0.7294921875 0.15625 0.658203125 0.15625 0.623046875 0.203125 0.6171875 0.1953125 0.6015625 0.21875 0.599609375 0.2109375 0.5947265625 0.2265625 0.58203125 0.234375 0.578125 0.2578125 0.5712890625 0.25 0.564453125 0.265625 0.5595703125 0.3125 0.5498046875 0.453125 0.5546875 0.484375 0.552734375 0.53125 0.54296875 0.5546875 0.5400390625 0.6015625 0.5419921875 0.6171875 0.5419921875 0.6484375 0.537109375 0.65625 0.533203125 0.6953125 0.5322265625 0.7265625 0.5263671875 0.71875 0.537109375 0.5546875 0.5322265625 0.5078125 0.53515625 0.5 0.53515625 0.4609375 0.541015625 0.4453125 0.54296875 0.453125 0.544921875 0.4375 0.5458984375 0.40625 0.560546875 0.21875 0.576171875 0.2109375 0.5888671875 0.1875 0.60546875 0.1796875 0.6220703125 0.1484375 0.6640625 0.109375 0.7109375 0.109375 0.7138671875 0.0546875 0.7177734375 0.0234375 0.7421875 0.03125
1 0.6708984375 0.5 0.6728515625 0.515625 0.681640625 0.515625 0.697265625 0.5390625 0.69140625 0.6875 0.689453125 0.6796875 0.689453125 0.6484375 0.693359375 0.5625 0.681640625 0.5390625 0.666015625 0.5390625 0.666015625 0.5078125 0.66796875 0.4921875 0.669921875 0.5
3 0.625 0.5546875 0.6279296875 0.5703125 0.62109375 0.6328125 0.625 0.5625
2 0.6962890625 0.4140625 0.7119140625 0.421875 0.7119140625 0.4453125 0.7041015625 0.4453125 0.7021484375 0.4609375 0.697265625 0.546875 0.6953125 0.5390625 0.6953125 0.5234375 0.7001953125 0.453125 0.6962890625 0.4375 0.69140625 0.4375 0.6923828125 0.4140625 0.6953125 0.4140625
3 0.8388671875 0.6640625 0.84375 0.6640625 0.84375 0.7265625 0.841796875 0.7421875 0.84375 0.75 0.84375 0.7734375 0.841796875 0.78125 0.8427734375 0.8046875 0.8408203125 0.8046875 0.8408203125 0.7578125 0.8388671875 0.7421875 0.8388671875 0.671875
1 0.884765625 0.6171875 0.90625 0.59375 0.9140625 0.6015625 0.9140625 0.6171875 0.912109375 0.625 0.9072265625 0.6171875 0.888671875 0.6328125 0.8876953125 0.640625 0.890625 0.6953125 0.8896484375 0.7265625 0.8876953125 0.71875 0.884765625 0.625
2 0.9482421875 0.4140625 0.955078125 0.4140625 0.95703125 0.4296875 0.9609375 0.5390625 0.970703125 0.7109375 0.970703125 0.734375 0.974609375 0.78125 0.9736328125 0.796875 0.970703125 0.7890625 0.9541015625 0.4453125 0.94921875 0.4375 0.9482421875 0.421875
