2 0.453125 0.1796875 0.474609375 0.1953125 0.4658203125 0.2109375 0.470703125 0.4453125 0.470703125 0.5 0.46875 0.5 0.46484375 0.2109375 0.462890625 0.1953125 0.453125 0.1875
2 0.8896484375 0.390625 0.892578125 0.40625 0.8896484375 0.4140625 0.890625 0.4375 0.888671875 0.4375 0.88671875 0.53125 0.884765625 0.5546875 0.8857421875 0.6015625 0.8818359375 0.640625 0.880859375 0.671875 0.87890625 0.6640625 0.888671875 0.3984375
1 0.029296875 0.53125 0.0302734375 0.5546875 0.025390625 0.5703125 0 0.5625 0 0.546875 0.01953125 0.5390625 0.0224609375 0.5234375 0.0283203125 0.53125
2 0.0927734375 0.53125 0.0947265625 0.53125 0.0947265625 0.6015625 0.0986328125 0.640625 0.09765625 0.7265625 0.0947265625 0.7265625 0.0947265625 0.5859375 0.0927734375 0.5390625
2 0.1650390625 0.2109375 0.1728515625 0.234375 0.1728515625 0.2734375 0.177734375 0.3515625 0.1806640625 0.5078125 0.18359375 0.5546875 0.1845703125 0.671875 0.1904296875 0.8203125 0.1875 0.8125 0.1826171875 0.703125 0.1806640625 0.5625 0.177734375 0.515625 0.1748046875 0.359375 0.171875 0.328125 0.169921875 0.25 0.16015625 0.2265625 0.1611328125 0.2109375 0.1640625 0.2109375
3 0.291015625 0.5078125 0.294921875 0.53125 0.2958984375 0.5625 0.2919921875 0.5859375 0.2958984375 0.7109375 0.29296875 0.703125 0.2890625 0.59375 0.28515625 0.5703125 0.2822265625 0.53125 0.283203125 0.5078125 0.2900390625 0.5078125
1 0.3818359375 0.3828125 0.390625 0.3828125 0.392578125 0.3984375 0.3916015625 0.4296875 0.3935546875 0.484375 0.3896484375 0.4140625 0.3408203125 0.421875 0.328125 0.4453125 0.330078125 0.546875 0.3271484375 0.5390625 0.3251953125 0.453125 0.3232421875 0.4375 0.32421875 0.421875 0.3408203125 0.3984375 0.380859375 0.390625
1 0.486328125 0.15625 0.494140625 0.15625 0.4970703125 0.1953125 0.501953125 0.1953125 0.525390625 0.25 0.53125 0.25 0.53125 0.359375 0.5341796875 0.390625 0.5341796875 0.421875 0.5322265625 0.4375 0.5341796875 0.453125 0.5322265625 0.5234375 0.529296875 0.53125 0.529296875 0.4609375 0.5263671875 0.4296875 0.5263671875 0.3828125 0.529296875 0.375 0.5283203125 0.2890625 0.501953125 0.21875 0.4931640625 0.2109375 0.4921875 0.2265625 0.4873046875 0.2265625 0.4853515625 0.2109375 0.486328125 0.1640625
2 0.51953125 0.296875 0.5244140625 0.3125 0.5244140625 0.4453125 0.5224609375 0.4453125 0.521484375 0.328125 0.51953125 0.3203125 0.51953125 0.3046875
3 0.63671875 0.4140625 0.6376953125 0.4453125 0.6357421875 0.46875 0.6357421875 0.5 0.634765625 0.4921875 0.63671875 0.421875
3 0.669921875 0.4296875 0.671875 0.4296875 0.671875 0.4609375 0.669921875 0.46875 0.6689453125 0.5078125 0.66796875 0.484375 0.669921875 0.4375
1 0.7099609375 0.359375 0.7255859375 0.3671875 0.7265625 0.3828125 0.7197265625 0.5390625 0.7177734375 0.5390625 0.7177734375 0.515625 0.720703125 0.4609375 0.72265625 0.3984375 0.7216796875 0.390625 0.6982421875 0.3828125 0.701171875 0.3515625 0.708984375 0.359375
2 0.720703125 0.234375 0.7412109375 0.234375 0.740234375 0.2578125 0.73046875 0.265625 0.73046875 0.296875 0.7265625 0.3671875 0.724609375 0.3671875 0.724609375 0.328125 0.7265625 0.3125 0.7275390625 0.265625 0.720703125 0.2578125 0.720703125 0.2421875
3 0.896484375 0.53125 0.9013671875 0.53125 0.9033203125 0.546875 0.90625 0.5390625 0.9091796875 0.5625 0.9072265625 0.625 0.900390625 0.6640625 0.90234375 0.6796875 0.8935546875 0.7734375 0.8955078125 0.8046875 0.89453125 0.7890625 0.890625 0.84375 0.8916015625 0.8828125 0.8896484375 0.875 0.888671875 0.890625 0.8837890625 0.890625 0.888671875 0.8046875 0.88671875 0.7890625 0.88671875 0.734375 0.890625 0.7265625 0.8935546875 0.6796875 0.8935546875 0.65625 0.8896484375 0.6328125 0.8916015625 0.5703125 0.8935546875 0.546875 0.896484375 0.5390625
