2 0.84765625 0.25 0.865234375 0.265625 0.865234375 0.28125 0.8583984375 0.2734375 0.8564453125 0.3125 0.8544921875 0.3125 0.8564453125 0.28125 0.84765625 0.2578125
2 0.3466796875 0.2734375 0.3505859375 0.28125 0.3466796875 0.3046875 0.3466796875 0.3359375 0.3486328125 0.3515625 0.349609375 0.3359375 0.34765625 0.3671875 0.349609375 0.390625 0.349609375 0.421875 0.3515625 0.4296875 0.349609375 0.4453125 0.353515625 0.5078125 0.3525390625 0.53125 0.3583984375 0.5703125 0.3583984375 0.6484375 0.3564453125 0.6640625 0.3583984375 0.6875 0.357421875 0.7421875 0.35546875 0.734375 0.353515625 0.6875 0.34765625 0.4140625 0.3447265625 0.3828125 0.345703125 0.328125 0.34375 0.28125 0.345703125 0.28125
2 0.8544921875 0.328125 0.85546875 0.3515625 0.8515625 0.5078125 0.8486328125 0.5078125 0.8544921875 0.3359375
2 0.544921875 0.390625 0.546875 0.390625 0.5478515625 0.453125 0.55078125 0.4765625 0.546875 0.4921875 0.5478515625 0.453125 0.544921875 0.3984375
3 0.63671875 0.3359375 0.6416015625 0.3359375 0.6435546875 0.359375 0.6484375 0.359375 0.65234375 0.375 0.650390625 0.3984375 0.65234375 0.4140625 0.654296875 0.40625 0.654296875 0.4296875 0.650390625 0.4375 0.65234375 0.453125 0.65234375 0.484375 0.6435546875 0.5078125 0.6474609375 0.5234375 0.646484375 0.5625 0.64453125 0.578125 0.64453125 0.6171875 0.65234375 0.640625 0.65234375 0.6875 0.6474609375 0.71875 0.6474609375 0.7734375 0.6533203125 0.8671875 0.6513671875 0.8515625 0.6484375 0.875 0.6484375 0.84375 0.646484375 0.828125 0.6455078125 0.84375 0.646484375 0.765625 0.6396484375 0.7109375 0.6396484375 0.65625 0.6416015625 0.640625 0.62890625 0.5546875 0.62890625 0.5390625 0.630859375 0.53125 0.6396484375 0.5234375 0.63671875 0.5 0.630859375 0.5078125 0.62890625 0.5234375 0.626953125 0.515625 0.626953125 0.4765625 0.625 0.46875 0.6240234375 0.359375 0.634765625 0.359375 0.63671875 0.34375
3 0.046875 0.5390625 0.0498046875 0.5390625 0.0498046875 0.5703125 0.0478515625 0.578125 0.0458984375 0.625 0.044921875 0.609375 0.046875 0.546875
1 0.0693359 0.429688 0.0908203 0.429688 0.0908203 0.703125 0.0693359 0.703125
2 0.0986328125 0.234375 0.1044921875 0.25 0.1044921875 0.265625 0.095703125 0.2890625 0.08984375 0.453125 0.0869140625 0.453125 0.0869140625 0.4296875 0.091796875 0.296875 0.0859375 0.2890625 0.0859375 0.2734375 0.0927734375 0.265625 0.09765625 0.234375
2 0.1865234375 0.4765625 0.1982421875 0.4765625 0.197265625 0.4921875 0.1923828125 0.5 0.1923828125 0.703125 0.189453125 0.703125 0.189453125 0.609375 0.19140625 0.5859375 0.1923828125 0.5 0.1865234375 0.484375
1 0.2470703125 0.5390625 0.25 0.6328125 0.2490234375 0.6953125 0.24609375 0.6953125 0.2470703125 0.640625 0.244140625 0.5625 0.2275390625 0.5546875 0.228515625 0.53125 0.24609375 0.5390625
1 0.4921875 0.3984375 0.5009765625 0.3984375 0.50390625 0.4296875 0.5029296875 0.4453125 0.470703125 0.4453125 0.45703125 0.4609375 0.4560546875 0.46875 0.4609375 0.578125 0.4609375 0.6171875 0.4580078125 0.609375 0.453125 0.4765625 0.455078125 0.4375 0.4697265625 0.421875 0.4912109375 0.421875 0.4921875 0.40625
2 0.6669921875 0.1875 0.6728515625 0.1953125 0.67578125 0.5078125 0.67578125 0.5390625 0.6728515625 0.546875 0.671875 0.3203125 0.669921875 0.2890625 0.669921875 0.21875 0.6669921875 0.1953125
1 0.8427734375 0.265625 0.8447265625 0.2890625 0.84765625 0.296875 0.859375 0.296875 0.8671875 0.3203125 0.8759765625 0.3125 0.88671875 0.328125 0.8876953125 0.3671875 0.884765625 0.4375 0.8857421875 0.4609375 0.8837890625 0.4765625 0.8818359375 0.546875 0.8798828125 0.546875 0.8798828125 0.4921875 0.884765625 0.3828125 0.8837890625 0.359375 0.8662109375 0.34375 0.8583984375 0.3203125 0.8408203125 0.3125 0.8369140625 0.2890625 0.8388671875 0.265625 0.841796875 0.265625
2 0.9140625 0.3828125 0.9169921875 0.390625 0.9140625 0.484375 0.9150390625 0.5234375 0.9130859375 0.515625 0.916015625 0.421875 0.9140625 0.390625
