2 0.3359375 0.3359375 0.3505859375 0.3359375 0.349609375 0.3515625 0.34375 0.359375 0.3447265625 0.3984375 0.3427734375 0.3515625 0.3359375 0.34375
2 0.552734375 0.3359375 0.556640625 0.3515625 0.5498046875 0.359375 0.548828125 0.4609375 0.55078125 0.484375 0.548828125 0.4921875 0.548828125 0.5078125 0.548828125 0.4921875 0.546875 0.484375 0.548828125 0.4453125 0.548828125 0.34375 0.5517578125 0.34375
2 0.625 0.3671875 0.6298828125 0.375 0.62890625 0.5 0.62890625 0.390625 0.625 0.375
3 0.07421875 0.5078125 0.0791015625 0.5078125 0.080078125 0.5234375 0.08203125 0.5078125 0.0830078125 0.5234375 0.0849609375 0.5234375 0.0849609375 0.5859375 0.0830078125 0.5859375 0.08203125 0.609375 0.078125 0.6171875 0.0771484375 0.78125 0.0771484375 0.734375 0.0751953125 0.703125 0.076171875 0.6171875 0.07421875 0.515625
3 0.4111328125 0.5703125 0.4091796875 0.4921875 0.4072265625 0.4765625 0.408203125 0.4609375 0.412109375 0.46875 0.41015625 0.4921875 0.4111328125 0.5625
2 0.345703125 0.4140625 0.34765625 0.53125 0.3466796875 0.5390625 0.3447265625 0.421875
1 0.249023 0.367188 0.362305 0.367188 0.362305 0.585938 0.249023 0.585938
1 0.5087890625 0 0.515625 0 0.515625 0.0390625 0.5185546875 0.0703125 0.515625 0.1875 0.5166015625 0.484375 0.5185546875 0.6015625 0.5146484375 0.6328125 0.51171875 0.625 0.51171875 0.421875 0.513671875 0.375 0.5126953125 0.2578125 0.4990234375 0.15625 0.49609375 0.1875 0.4921875 0.171875 0.4921875 0.1015625 0.5 0.1015625 0.5009765625 0.140625 0.51171875 0.21875 0.5126953125 0.2109375 0.5146484375 0.0703125 0.5126953125 0.03125 0.5087890625 0.0078125
3 0.6005859375 0.4453125 0.6025390625 0.4453125 0.6025390625 0.4765625 0.6064453125 0.4921875 0.6044921875 0.5234375 0.6025390625 0.5 0.6015625 0.5234375 0.599609375 0.5234375 0.6005859375 0.453125
1 0.7353515625 0.296875 0.7509765625 0.3046875 0.75 0.3203125 0.7431640625 0.3203125 0.7412109375 0.3359375 0.73828125 0.53125 0.736328125 0.4140625 0.71484375 0.4140625 0.7158203125 0.390625 0.7294921875 0.40625 0.7373046875 0.3984375 0.7392578125 0.328125 0.732421875 0.3125 0.734375 0.296875
3 0.8662109375 0.5 0.8681640625 0.546875 0.8642578125 0.5546875 0.861328125 0.578125 0.8603515625 0.640625 0.8583984375 0.640625 0.8583984375 0.5703125 0.8603515625 0.5625 0.8603515625 0.546875 0.857421875 0.53125 0.857421875 0.5078125 0.861328125 0.4921875 0.865234375 0.5
3 0.96875 0.578125 0.9765625 0.5859375 0.9765625 0.6171875 0.97265625 0.6484375 0.97265625 0.6875 0.9716796875 0.6328125 0.96875 0.6171875 0.96875 0.5859375
