2 0.01953125 0.2421875 0.0224609375 0.2421875 0.0224609375 0.2578125 0.01953125 0.265625 0.01953125 0.28125 0.0224609375 0.296875 0.0205078125 0.3125 0.0205078125 0.46875 0.0185546875 0.4296875 0.01953125 0.25
2 0.0126953125 0.296875 0.0146484375 0.3125 0.015625 0.4140625 0.0146484375 0.4453125 0.0126953125 0.3046875
2 0.50390625 0.40625 0.5224609375 0.3984375 0.5224609375 0.4140625 0.513671875 0.421875 0.5126953125 0.609375 0.515625 0.6328125 0.5126953125 0.6484375 0.5126953125 0.6796875 0.5078125 0.6328125 0.509765625 0.609375 0.51171875 0.609375 0.5126953125 0.4296875 0.5107421875 0.4140625 0.50390625 0.4140625
1 0.12890625 0.1328125 0.1396484375 0.15625 0.1513671875 0.15625 0.1513671875 0.171875 0.138671875 0.171875 0.1376953125 0.234375 0.1357421875 0.25 0.13671875 0.2890625 0.1513671875 0.3046875 0.15234375 0.296875 0.1591796875 0.3125 0.162109375 0.2890625 0.1650390625 0.2890625 0.1640625 0.328125 0.1357421875 0.3046875 0.1337890625 0.3359375 0.1337890625 0.453125 0.1298828125 0.4765625 0.130859375 0.4921875 0.1259765625 0.4921875 0.12890625 0.46875 0.125 0.4453125 0.12890625 0.421875 0.12890625 0.3828125 0.1318359375 0.359375 0.1328125 0.28125 0.134765625 0.265625 0.1376953125 0.171875 0.1357421875 0.15625 0.1259765625 0.1484375 0.1279296875 0.1328125
3 0.04296875 0.375 0.04296875 0.3984375 0.041015625 0.40625 0.041015625 0.4453125 0.0390625 0.4140625 0.0341796875 0.4140625 0.0341796875 0.390625 0.0419921875 0.375
3 0.1552734375 0.4140625 0.158203125 0.4140625 0.16015625 0.4296875 0.1552734375 0.4609375 0.1552734375 0.421875
3 0.2001953125 0.4375 0.2021484375 0.4453125 0.197265625 0.515625 0.2001953125 0.4453125
2 0.1865234375 0.328125 0.1923828125 0.328125 0.1962890625 0.3515625 0.193359375 0.4921875 0.19140625 0.4921875 0.1943359375 0.359375 0.1865234375 0.3359375
1 0.5546875 0.5078125 0.556640625 0.5234375 0.5732421875 0.5234375 0.5751953125 0.6484375 0.57421875 0.6875 0.572265625 0.6484375 0.5712890625 0.546875 0.5478515625 0.546875 0.546875 0.5234375 0.548828125 0.5078125 0.5537109375 0.5078125
1 0.455078125 0.4609375 0.490234375 0.4609375 0.4873046875 0.703125 0.4853515625 0.703125 0.484375 0.6640625 0.486328125 0.484375 0.4853515625 0.4765625 0.48046875 0.4765625 0.478515625 0.4921875 0.4580078125 0.484375 0.4560546875 0.5 0.41796875 0.5 0.4150390625 0.546875 0.4140625 0.609375 0.4111328125 0.6484375 0.41015625 0.6328125 0.416015625 0.484375 0.4287109375 0.484375 0.4306640625 0.4609375 0.4365234375 0.453125 0.439453125 0.4765625 0.4541015625 0.4609375
