2 0.0283203125 0.4296875 0.0322265625 0.4375 0.03125 0.53125 0.03125 0.4453125 0.029296875 0.4375
2 0.912109375 0.328125 0.912109375 0.546875 0.9111328125 0.34375 0.9091796875 0.3359375 0.9111328125 0.328125
2 0.880859375 0.7578125 0.8740234375 0.796875 0.8759765625 0.8046875 0.880859375 0.78125 0.875 0.8046875 0.8740234375 0.8203125 0.8759765625 0.828125 0.8818359375 0.8046875 0.875 0.8359375 0.876953125 0.84375 0.880859375 0.828125 0.876953125 0.84375 0.8818359375 0.84375 0.8779296875 0.859375 0.8818359375 0.8671875 0.87890625 0.875 0.8818359375 0.8828125 0.8798828125 0.890625 0.8818359375 0.8984375 0.8779296875 0.9140625 0.8818359375 0.921875 0.8779296875 0.9296875 0.8818359375 0.9375 0.87890625 0.9453125 0.8818359375 0.953125 0.87890625 0.9609375 0.8818359375 0.96875 0.87890625 0.9765625 0.8818359375 0.984375 0.873046875 0.9921875 0.875 0.984375 0.873046875 0.9765625 0.875 0.96875 0.873046875 0.9609375 0.873046875 0.9453125 0.875 0.9375 0.873046875 0.9296875 0.8759765625 0.9140625 0.873046875 0.9140625 0.8740234375 0.90625 0.8720703125 0.8984375 0.8740234375 0.890625 0.873046875 0.875 0.8759765625 0.859375 0.873046875 0.859375 0.8759765625 0.84375 0.875 0.8359375 0.8720703125 0.84375 0.875 0.828125 0.873046875 0.8203125 0.875 0.8046875 0.873046875 0.796875 0.8798828125 0.765625
0 0.1240234375 0.59375 0.125 0.609375 0.1259765625 0.59375 0.126953125 0.6015625 0.1259765625 0.6484375 0.12890625 0.65625 0.123046875 0.671875 0.125 0.6484375 0.1240234375 0.6015625
0 0.126953125 0.703125 0.130859375 0.71875 0.1279296875 0.71875 0.1259765625 0.734375 0.1259765625 0.71875 0.1279296875 0.7109375
0 0.2099609375 0.6796875 0.2109375 0.8359375 0.208984375 0.796875 0.205078125 0.796875 0.203125 0.7734375 0.205078125 0.7734375 0.203125 0.7421875 0.2041015625 0.703125 0.2060546875 0.6953125 0.205078125 0.6875 0.20703125 0.7109375 0.20703125 0.75 0.2060546875 0.734375 0.2041015625 0.7578125 0.2060546875 0.78125 0.20703125 0.765625 0.208984375 0.765625 0.2099609375 0.6875
0 0.3046875 0.671875 0.306640625 0.6796875 0.306640625 0.71875 0.30859375 0.71875 0.30859375 0.734375 0.3076171875 0.7265625 0.3056640625 0.7421875 0.3076171875 0.7578125 0.3056640625 0.7890625 0.306640625 0.8125 0.3046875 0.828125 0.306640625 0.8359375 0.30859375 0.8203125 0.3056640625 0.8515625 0.3056640625 0.875 0.3037109375 0.875 0.3046875 0.6796875
0 0.3876953125 0.6328125 0.3916015625 0.6328125 0.3916015625 0.7890625 0.3896484375 0.796875 0.3857421875 0.765625 0.384765625 0.78125 0.384765625 0.7578125 0.388671875 0.71875 0.388671875 0.640625
0 0.1533203125 0.6015625 0.154296875 0.6484375 0.15625 0.65625 0.1533203125 0.6875 0.1533203125 0.609375
0 0.1103515625 0.5546875 0.1123046875 0.5546875 0.111328125 0.5703125 0.11328125 0.6015625 0.111328125 0.6328125 0.1103515625 0.5625
2 0.662109375 0.375 0.6640625 0.375 0.6640625 0.5390625 0.6630859375 0.375
2 0.5322265625 0.4296875 0.5361328125 0.421875 0.5322265625 0.4375 0.5322265625 0.53125 0.5322265625 0.4375